Abl1	Eif2b1	Erg	Eto2	Fli1	Gata1	Gata2	Gfi1	Gfi1b	hHex	Kit	Ldb1	Lmo2	Lyl1	Meis1	Mitf	Mrpl19	Nfe2	Polr2a	PU.1	Runx1	SCL	Tel	Ubc
CLP001	18.67785665	16.45908053	19.64922993	19.24282794	15.91511026	40	40	40	40	40	17.86427959	16.6687136	18.18034087	15.45392736	18.19604561	40	17.98596964	17.52456271	16.92934759	18.01982127	15.36399254	22.64242864	18.03595375	13.59894954
CLP002	19.06803842	19.46232479	17.87173924	40	17.63498392	40	40	19.0067955	18.94411989	18.55724636	40	18.45649964	40	15.75510516	16.03342818	40	40	17.83527547	17.18276049	17.828451	17.37567811	40	18.65974217	15.11910773
CLP003	17.74280459	19.35602913	40	19.9412153	15.8862755	40	40	40	40	18.9479558	16.41380143	20.18975751	16.67008835	16.64862843	15.29526887	40	40	18.6316856	19.38497063	17.15092291	17.28261025	40	18.58234649	15.26649458
CLP004	18.11456154	18.76699657	18.4627356	23.59042153	16.57678149	40	40	19.24658663	19.45053383	17.75244362	18.16498919	18.1588825	16.79898195	16.96984099	17.45175802	40	17.82745754	17.89273818	18.28079858	17.50925911	15.87607195	40	18.02505758	14.74978151
CLP005	19.58371532	17.48328209	17.24820741	20.42017962	15.74610859	40	40	40	17.03629338	18.45434316	17.57245423	20.69120085	17.00848797	15.81051894	16.80674502	40	22.66700549	19.47030157	18.3793179	17.39819593	17.15981322	19.17273799	17.68498539	14.24077912
CLP006	18.18604901	17.12923113	17.54870176	40	17.62524094	40	40	23.23868634	19.34461537	40	17.9599857	17.92609736	16.87871067	16.3840087	18.13749858	40	18.9695155	19.23322324	17.19943229	16.27274003	16.45622845	40	17.56813416	14.70220767
CLP007	19.58578921	17.5058768	16.90227884	20.13285296	15.07255728	40	40	40	18.54380784	17.70924355	18.63747624	19.39601698	18.36409782	15.00838326	15.98255596	40	17.89508135	20.11424388	17.30412183	17.55869254	16.04592619	25.25391556	18.40525282	14.58201987
CLP008	19.7788078	17.18024276	16.69852951	19.53996574	15.89819381	40	40	17.49698277	20.34569341	18.50857848	19.31705076	18.42210104	15.77052268	15.70991809	15.88517677	19.51191336	17.98368659	20.74007445	16.74699872	16.57153564	15.95549371	40	18.93025904	13.23909509
CLP009	40	17.25642381	19.23606014	18.3136757	16.3046833	40	40	40	16.50513267	16.38579752	18.47010898	19.54470313	18.74096802	16.35346598	18.10530892	40	16.81321119	20.35066074	16.62633595	16.83313261	18.04349253	17.31904971	17.20223173	13.27315255
CLP010	17.08941762	17.53159987	17.18636008	23.72052964	15.64092958	40	40	17.49937799	20.8113247	16.5733476	16.63425006	18.28409414	16.19880545	16.35863879	15.92029497	40	17.14523521	18.14689637	16.94778612	16.31168483	15.5372956	40	18.6297079	13.81241728
CLP011	18.57842832	20.29262349	40	19.86630067	16.11861916	40	40	40	40	18.8711116	17.59774675	40	40	18.81807169	18.03612612	40	18.03054957	18.53307599	18.51159552	16.82166377	17.07054524	25.465467	17.64873734	14.91065537
CLP012	40	19.41390355	17.52429682	19.03652421	17.52828796	40	40	40	18.21650808	17.8341021	19.19265138	19.59123913	18.16334709	18.60633666	17.46643556	40	18.08936905	19.11604221	20.4996712	18.99894232	16.94909122	40	19.35827921	15.15790434
CLP013	17.97765175	16.62385212	18.43934735	18.7374559	17.10848418	40	40	40	20.17089463	18.47827784	18.51572877	21.49357012	18.16867283	14.65505629	15.85118053	40	18.71239595	19.07960477	16.67857025	17.41353802	16.93118332	40	18.33770357	13.74171145
CLP014	18.71993449	16.91356651	18.67605438	18.08458975	16.67745194	40	40	18.47913865	40	20.81644227	19.94133771	18.82567756	17.38350012	14.84942664	15.70400498	40	18.02737158	19.61578981	16.49493566	18.13664936	16.65695109	19.39460395	20.53045173	13.20177393
CLP015	40	19.30539884	19.53097154	20.18398979	16.67856956	40	40	40	19.42800237	40	16.94226091	16.81955954	15.36686312	15.45535143	17.81366065	40	16.33670546	17.32955304	17.71010952	16.88010849	16.08441876	40	18.46569212	14.70870005
CLP016	22.33697951	19.11831439	19.97137907	19.9214639	15.88302832	40	40	22.9189216	23.71937399	20.9167855	16.67048138	19.06484583	16.74074012	17.24979688	16.06002202	40	18.88416812	22.00514177	16.78814078	18.56146242	17.04801655	40	18.49762962	15.16188101
CLP017	19.63884108	16.68684708	19.55716695	18.72620866	16.53502309	40	40	40	40	18.8002519	18.09034085	17.69095778	17.45570993	14.52235004	17.15152782	19.20198003	17.92133831	20.35794768	16.33599906	18.95165549	17.15662473	40	17.93809428	14.40466166
CLP018	40	18.25405522	40	18.88479538	17.20112274	40	40	40	20.27351987	40	18.0718342	40	18.05575432	17.1185633	17.17028638	40	40	18.40208712	17.30600933	18.17918505	16.56798996	19.01954749	40	15.6549711
CLP019	18.65502444	19.20560703	18.68492068	20.02895067	15.92308012	40	40	40	17.16588865	40	19.16725369	18.24706609	40	40	18.10513395	40	17.47361225	40	17.37451038	40	40	40	19.23585019	15.6002072
CLP020	19.6765925	19.30736303	24.37063594	18.5209608	17.20436262	40	40	19.06712603	19.4417478	18.04154335	17.66246886	17.30862309	40	15.9161278	16.59813152	40	19.06588156	18.3015754	17.27518538	17.82494726	17.03821839	40	16.6293425	15.96459559
CLP021	23.92193417	18.08534245	22.69293728	20.88260003	17.09658806	40	40	23.66955377	24.04558279	22.34783039	17.76530046	18.39610353	16.02818016	15.53872665	17.211431	40	18.15050454	18.51163567	17.1809249	19.14016486	16.80468189	40	17.84474864	15.4736058
CLP022	19.46111571	18.35811983	16.3102358	19.78658068	15.78491076	40	26.13954121	18.30055639	40	18.76421137	17.55626506	17.4331119	16.22814157	16.18444286	16.16057009	40	18.10488611	19.07455007	16.49302283	17.85794187	16.78372899	19.91584546	16.92974772	15.58628571
CLP023	19.983909	19.3494479	40	20.38185341	16.21201122	40	40	40	20.34950425	25.1087583	40	17.59501125	25.51038142	16.31435203	16.89296403	40	16.45499328	19.45388835	18.74028872	18.87161224	16.870625	17.7036217	19.5337574	16.69155175
CLP024	18.62982097	17.71916876	17.42710942	18.56451774	17.64280411	40	40	40	17.83038357	40	19.96454601	18.37589166	18.53182209	16.42556243	18.30044148	40	18.05257784	17.86474028	18.20010734	17.82124609	15.50144433	19.26435626	18.67878354	14.6588495
CLP025	19.56067544	22.28138237	19.56464243	40	16.95954378	40	40	40	20.58684988	18.2159383	17.60018565	18.44552141	16.08273322	15.47606093	15.95844141	40	16.95979206	20.24364434	18.61548655	16.79249072	16.95533533	19.17399085	17.40680509	15.12780382
CLP026	40	19.80614607	19.54413894	20.04588737	15.78008211	40	40	40	40	40	17.95598785	18.50437033	17.25521132	16.95156255	20.59987504	40	18.80329095	40	18.70460542	17.06746448	19.30091673	40	19.26390295	16.27000219
CLP027	18.7121842	19.13200658	17.83390475	21.13622845	15.95905749	40	40	18.31081027	18.37348157	17.7658639	18.05856974	17.67078045	17.32954775	16.13890163	18.28015567	40	18.58902179	19.60963426	17.78218628	18.84637228	16.89201808	40	17.93128089	14.38572043
CLP028	40	17.70820555	40	19.28639608	16.60997012	40	40	19.11606339	18.90327694	21.82042427	18.95444507	18.39852189	40	15.5973568	17.90856769	40	18.8447846	18.7635623	17.60868678	17.75564633	16.64190526	40	17.00814742	14.06903764
CLP029	19.43622841	18.0206024	17.49461387	17.49598437	16.46500573	40	40	40	18.0133033	40	17.72242658	17.41911942	18.12370862	15.38963058	16.04831794	40	17.52182647	18.16067654	17.11946695	18.42446178	17.06087023	40	17.92393673	14.83168706
CLP030	40	18.29273337	17.4632274	19.00418977	16.59964572	40	40	19.05490019	40	18.73670005	17.2690729	17.22152889	40	16.54558775	16.88508055	40	17.45789464	40	18.41780665	17.18184459	16.66815817	21.18779811	18.48005316	15.3879429
CLP031	40	17.32669623	40	19.16723134	15.89303365	40	40	20.29087771	40	40	17.21837574	17.67207426	16.82894386	16.81593265	16.25105487	40	17.72694513	20.29656331	17.9296899	17.80110331	16.28235569	40	20.45387709	15.02286168
CLP032	16.82529711	18.42452286	17.68098609	18.58615456	16.10495853	40	40	40	18.94005493	18.41136606	19.36148067	17.87702833	16.1873288	15.60620424	17.09371406	40	16.5478122	17.74033645	16.59245769	18.10479195	16.08894756	40	17.26675461	13.26522475
CLP033	19.54656417	17.2684687	16.72961233	16.9924798	15.70568017	40	40	17.70579338	20.22864993	22.63241315	17.35437077	18.18495805	16.80737667	15.78495111	17.11753026	40	16.39139226	19.25792814	17.03103717	17.73442483	18.36087103	26.23799129	17.70135928	14.60546736
CLP034	40	18.22777061	40	23.3806932	17.50245588	40	40	19.21162844	40	40	17.83205604	18.10506811	16.05644046	17.6883024	16.88472971	40	40	20.80436837	18.17310695	16.87196476	17.27830657	40	19.10596526	15.83824572
CLP035	18.74344323	16.01597801	18.42711355	40	16.56504027	40	40	40	40	18.26131659	16.78443413	17.7568416	16.75215467	16.24160631	17.11811852	40	16.47778048	20.2148798	16.3712472	16.78222937	16.39612975	19.62971837	17.89041401	15.93738863
CLP036	40	17.56078441	40	40	15.60405908	40	40	15.93568058	16.23134313	40	19.19899016	19.93293773	40	15.74896753	18.13185757	40	17.88612386	20.07709042	17.7536981	40	16.50184801	40	17.69451629	14.09933702
CLP037	40	17.445439	18.30107236	19.97374713	17.49100745	40	40	19.09083819	40	18.80512137	17.03403031	16.98481566	18.13991357	15.717204	16.76022753	40	18.11778462	17.82331624	19.6989258	16.58533325	16.4619923	40	40	15.0056337
CLP038	40	17.14194416	40	20.22156311	16.05003772	40	40	19.11075829	40	40	19.13969387	17.7774376	40	15.47592421	17.31698753	40	18.20977827	40	18.07362296	17.48022957	40	40	18.52531312	13.69360728
CLP039	19.68957552	16.36038963	19.39345168	40	15.55780975	40	40	17.73781299	17.40382098	20.37837124	40	19.53845814	17.99239908	15.61266378	17.77535199	40	18.95699296	40	17.74019488	17.61726096	15.80971777	40	18.60184864	14.55385668
CLP040	19.63917358	17.47370854	17.807889	18.91849756	16.59404175	40	40	40	40	17.05461535	18.77153388	18.66075397	40	15.34105274	18.43301783	40	40	17.45888415	16.61291978	16.90116284	16.96293685	25.41076216	17.97028901	13.21046684
CLP041	17.97534619	19.29196402	19.46601505	19.30266377	17.2894731	40	40	40	20.31848798	40	17.66102746	18.54367514	16.9000407	16.26598027	17.69733567	40	40	17.89114403	18.17854749	19.3454199	17.27762126	40	17.96134563	15.65343092
CLP042	40	19.13006457	40	18.58343777	16.56859029	40	40	40	16.75312401	40	19.06558868	17.57841069	40	17.31156492	19.02988449	40	19.08201741	18.62864057	18.38606662	17.8296689	18.19479398	40	17.48364688	15.58641967
CLP043	19.65206919	16.68790374	19.28906078	19.35979351	16.13344541	40	40	40	40	17.56674683	17.41097654	40	17.62586054	16.05455674	16.05341385	40	16.17552965	19.66714179	16.26600941	18.31326702	16.24762767	23.19013331	17.13434682	14.93212945
CLP044	18.21223591	19.1977393	18.15765117	20.41015875	17.60355571	40	40	40	40	17.97051571	18.22769983	18.62422362	15.79615499	18.89975689	17.25522518	40	19.00604362	40	17.69651432	17.82344776	17.03909461	24.45728079	18.08221252	14.7198158
CLP045	40	18.0819918	17.90299428	40	16.21806476	40	40	40	40	40	19.50355862	16.92916124	16.74084734	16.39340467	18.09653762	40	19.03201038	20.70496357	17.30642545	17.68284435	16.65296485	24.62725163	18.07251591	14.45637261
CLP046	16.92349082	17.1815393	16.61518148	40	15.72572527	40	40	40	17.79748121	17.11374516	16.05447331	17.113227	16.35619102	14.79547924	15.99849849	40	16.85027057	16.7173761	15.57074799	15.78753991	15.03919135	40	16.94177934	12.82921635
CLP047	18.33005368	18.87667348	20.313458	18.51752958	16.78794009	40	40	18.91864164	40	18.68284683	18.68031415	40	22.59255326	14.89496246	15.7615389	40	40	19.79262398	17.71437353	18.64756388	16.22443153	40	40	15.24464448
CLP048	19.5077306	20.46004339	18.38560347	22.5921743	19.68601942	40	40	21.12458386	40	40	18.67399729	20.34001652	18.65327038	17.74917646	21.47125188	40	19.77255431	19.37654596	18.69120728	21.78517579	17.40516929	40	19.47757601	16.72931002
CLP049	19.55031438	40	40	18.85672817	16.46583537	40	40	19.24954686	40	17.40809653	18.59668098	20.30560942	16.03750826	15.6328156	17.74668651	40	17.47432473	19.31391835	18.98998897	17.82137822	17.40594367	18.01178343	18.25361333	14.95265244
CLP050	19.5221853	17.01017091	16.99161722	17.76849854	16.13073533	40	40	21.16932143	40	18.93710905	19.98399371	17.73810073	17.7678435	15.54196003	16.78733261	40	17.50505882	19.00821846	16.89233076	16.26605767	14.80173792	40	16.74937733	14.15654245
CLP051	19.77213221	19.21919004	18.46614115	19.94844527	18.46598664	40	40	25.24980081	40	18.69081154	18.76007329	40	17.28135427	16.75943719	17.53136067	40	17.94109952	40	17.91940103	17.04731117	16.39827106	40	20.4814125	15.46356364
CLP052	40	40	40	40	17.04241232	40	40	40	40	18.08939912	18.48629217	17.7021669	16.03241049	15.76690264	17.34078805	40	40	19.70398712	19.04238251	17.15678158	16.89228229	40	20.35558291	15.1843437
CLP053	40	17.2170252	40	18.63788995	15.76303312	40	40	40	18.47377282	18.84935119	18.15107546	19.44138103	17.96979981	16.08014059	17.08944801	40	19.22219127	18.6180443	17.66947354	18.52912653	16.15100511	18.99774911	21.16370505	14.15738239
CLP054	18.52738699	19.05238737	17.44570919	19.64593178	15.61846113	40	40	17.5250073	40	18.37577168	18.61825679	18.74664755	17.46581403	15.29066131	15.71512837	40	17.30916136	18.11322116	16.82039777	17.85308784	18.38492948	22.29907203	18.30817761	13.26615497
CLP055	40	19.19699869	16.74448371	20.10794218	17.2219337	40	40	26.14226044	40	17.73982669	17.08408143	18.71374142	17.36469484	16.31809984	17.27827126	40	40	20.54054704	17.35362604	17.71575311	16.21324201	40	18.31908211	15.31281967
CLP056	40	40	17.55122025	20.21656822	16.52020909	40	40	19.44527509	40	17.27346308	18.61346352	40	18.42182013	16.32572976	16.69018804	40	17.98126772	18.39963132	18.44191034	18.15675691	17.05183848	40	19.12395952	15.52658387
CLP057	40	18.97661532	40	19.10513116	16.38931919	40	40	18.9127227	40	19.92161887	19.1384773	18.52010729	18.23087839	16.71699439	17.06270612	40	40	22.12762534	18.82170075	17.85697628	17.27775817	40	18.83863201	15.1236573
CLP058	18.51431187	18.09875097	19.21432841	40	16.05738794	40	40	40	18.26691563	17.74167117	18.76949292	19.33080019	17.2224715	15.70789948	18.02772366	40	17.38535526	18.94590605	16.7047421	16.17928256	17.4688231	40	18.87097496	14.66589051
CLP059	40	18.19315815	17.28580097	18.00734048	16.36625866	40	40	19.14184409	19.09321086	18.51861813	19.02558109	17.8244832	21.79428086	15.16286859	16.65619196	19.38459208	16.67539139	17.66960946	16.24736617	16.48458422	16.37188537	18.79408248	17.87886377	13.46458538
CLP060	19.50433749	18.96509346	16.82536597	19.74948766	16.3458453	40	40	19.13015573	40	40	19.01623647	17.28134534	15.84080692	16.16448576	17.12890893	19.62312321	18.77927328	18.79339959	17.85721573	17.80138355	15.94172992	40	17.05971893	15.16119219
CLP061	19.35470487	19.00527644	18.35059413	40	15.98867242	40	40	40	16.10267084	18.63077241	19.1525721	17.18841902	18.91107002	16.28391648	19.35006317	19.39984837	19.93693198	20.34105876	16.71142973	17.81500215	15.62180295	40	19.40963949	14.77076626
CLP062	17.38681611	17.13379828	17.44809952	20.48003643	17.55245767	40	19.01125684	19.16471669	40	18.67416116	20.60923838	17.98387695	40	15.17983068	17.2406382	40	16.66654698	18.82449809	17.99870986	18.10598799	16.9591586	19.01363315	18.14466338	14.58784781
CLP063	19.44958968	17.15525933	17.48900436	40	16.67610413	40	40	24.45330192	19.09819202	40	20.24120664	19.48609699	17.29876221	40	18.96676012	40	19.04571498	40	19.21306008	19.72564044	17.64170963	40	18.11522714	14.7784495
CLP064	19.59907816	18.10067754	17.27577369	17.91737363	16.22656565	40	40	40	20.34150295	19.65572983	18.55666208	19.80591644	18.22603619	16.56184943	16.7199227	40	18.84123047	18.05788841	17.24150647	16.5732492	16.26336041	20.85660281	17.24015845	15.13234462
CLP065	18.63206444	40	17.97856978	20.28616085	17.84507694	40	40	40	20.48453829	22.98105194	18.24139116	19.41811931	15.5325442	16.16963225	17.25317545	40	19.18891459	19.26762124	18.11595846	17.33635491	17.02944705	40	18.62941378	15.43723219
CLP066	19.79023794	40	40	19.17365486	16.27116713	40	40	40	40	40	17.45056893	18.07164604	18.48677632	17.32621973	18.93126118	40	40	22.43177584	18.15237775	17.54620921	17.83330124	40	18.28002239	15.45141156
CLP067	19.48270189	18.32711799	40	20.22328162	17.79938704	40	40	40	40	40	18.71505223	40	16.74501641	15.74351958	19.31269092	40	17.08077826	18.20584322	17.77147362	18.5035604	16.07456316	40	17.52460508	15.40543309
CLP068	19.61522397	16.46226144	18.2224866	20.37610116	16.28799794	40	40	20.84703142	20.21908309	18.50820044	18.25328373	17.88858433	40	15.62948418	19.09139901	40	16.8652822	20.54761848	16.46903884	19.96152016	16.9364566	40	17.98635321	13.21588797
CLP069	40	17.90820058	17.59266445	18.93464358	16.5585897	40	40	40	16.4390057	40	19.2543213	18.29719783	17.63682776	15.41788101	17.28644102	40	16.83946308	19.76697554	17.06597861	17.69925986	16.80277001	40	17.81010614	14.73669265
CLP070	18.62741812	16.43423751	17.29478052	18.78813864	16.01073132	40	40	17.74009326	40	17.64675522	17.74079095	17.79777609	16.6268236	15.00960982	15.48713632	40	16.74636698	18.2315329	16.65018676	16.99440492	15.41544865	40	17.20727704	13.35999821
CLP071	40	16.9458145	18.51586426	19.36354803	16.54399318	40	40	19.04671106	18.38642029	24.46113509	17.60380335	16.38586718	18.07976948	16.06255835	16.61924213	40	17.62234211	21.12610978	17.34141592	16.52792657	16.9350095	19.01331156	17.39295513	15.32118358
CLP072	40	19.19166353	40	18.83900745	17.49022674	40	40	40	40	19.08563397	18.54209887	18.7765589	19.05144491	17.06773615	18.19834125	40	19.10031248	24.55113084	18.23701449	17.49012577	17.93928747	40	18.12587321	14.86517792
CLP073	19.48918449	18.22019025	40	17.91095436	16.56115277	40	40	40	40	19.76649017	40	40	18.39336841	18.32066703	40	40	40	40	20.21444489	17.86960802	16.73294484	40	19.18437314	16.10718081
CLP075	18.50756308	16.6622709	16.44298128	18.8642213	15.20079379	40	40	40	17.82949933	17.42217789	18.36491803	17.30062443	40	15.91027317	19.02371993	40	16.31906114	17.7058688	16.71086244	18.0373691	15.62313663	17.9780201	16.89693871	13.77238639
CLP076	19.43595521	17.08015324	19.21152861	19.27868728	16.12810498	40	40	19.85528214	40	18.4727759	19.12659916	17.78288809	40	17.4413418	17.4911888	40	17.97137695	20.50107169	18.61449227	18.15046528	15.0856073	20.12561218	18.94210378	14.96661494
CLP077	18.49671048	18.83191096	40	20.13895513	19.36407673	40	40	21.12249636	40	40	16.70600767	19.51920971	17.27376858	16.55744643	17.12358524	40	18.34809638	19.92431281	19.18396624	17.84727816	16.75741234	40	40	15.42586523
CLP078	40	17.52544982	40	20.15397211	18.37893712	40	40	18.10073668	19.24951987	20.21255082	18.7883199	17.91043888	40	16.29724548	17.74856562	40	17.12017237	20.08072059	17.60700318	18.89972937	19.07299637	40	18.61248272	15.4291979
CLP079	40	17.92240735	19.66935259	19.58548827	15.72179545	40	40	40	18.72985479	17.81627997	18.83946986	17.02632664	18.34355024	15.76925395	16.08594598	21.22535865	18.58553372	19.56941297	17.41658604	16.93562869	16.97987149	40	19.55270873	13.94457754
CLP080	40	17.05125241	40	20.29730334	15.88650571	40	40	40	20.13212754	18.43690064	20.84088503	17.69095044	18.12280435	16.15207401	17.51411223	40	18.812145	40	16.25134321	17.33420331	17.07469258	40	18.12979972	14.50151711
CLP081	18.38248663	16.19826451	18.37144808	17.8978362	16.26199198	40	40	40	40	40	18.34423036	17.43437644	16.16259591	17.10862184	18.16306496	40	17.4111485	19.33291349	18.1449339	17.06974066	17.25543105	40	17.77894655	15.46306158
CLP082	19.61485771	17.29278216	18.94930147	24.86683119	16.24606871	40	40	25.49226614	21.43176848	18.61273918	18.32312501	17.17925018	16.82845762	15.39967607	16.13411157	40	17.01566578	23.86548498	17.41996217	17.64271834	15.19831492	18.07530663	18.48745801	14.75703623
CLP083	22.51967997	17.98762191	17.91896681	20.06717387	17.14967553	40	23.10418288	23.66081929	17.43984027	21.30758588	18.58054701	19.1428309	19.97885946	16.82026945	19.46234013	40	17.44452505	20.09200427	17.84592534	18.55840225	16.48272699	21.94959089	17.78416763	14.2699563
CLP084	17.9004671	15.68721363	16.02811034	17.09894547	14.59181161	40	18.14575102	18.06161603	18.83541655	17.00160829	16.4172486	16.43898629	15.58001987	14.51234962	15.47574368	20.70292294	16.52764171	17.53436468	16.14901479	15.53871727	15.07141504	19.60323112	16.3894671	13.10813888
CLP085	19.67857249	19.1926014	17.64873804	18.79498265	16.76381949	40	40	40	40	18.94063612	18.07586003	17.01374594	40	15.94628271	16.06055782	19.7114407	19.16528098	17.41269651	16.87147053	17.81918083	16.40663127	40	18.32491328	14.82683274
CLP086	17.36962057	17.52830464	18.13504746	18.55856176	16.5433415	40	40	22.25985824	40	40	17.26604244	18.20388372	17.48878612	15.65274161	17.79892081	40	17.66122644	17.71398341	16.51510422	17.23942269	16.52307559	40	17.78920851	14.56666299
CLP087	40	19.53426288	19.59349749	19.11278928	16.55126499	40	40	25.89550662	40	18.74515727	17.1818136	20.30223365	16.47853619	17.08636797	17.92034437	40	18.95590623	18.01032435	17.06212004	16.77879031	40	19.83899614	18.86184826	14.90617687
CLP088	19.72747181	40	16.84412953	21.86127077	16.54894484	40	40	40	40	19.45470484	18.61518085	17.22773986	16.8003128	16.16862519	17.00522689	40	40	17.96634038	17.03902858	17.28126719	17.34986836	40	17.62323211	15.12174094
CLP089	40	18.70631192	19.64237278	20.18928591	16.60689098	40	40	40	40	18.23562328	18.02386586	18.32944014	22.42798111	17.38369699	16.09940307	40	19.03091938	20.56002256	17.49808894	18.27821895	15.98151505	19.89864352	19.07053737	15.98442479
CLP090	19.30928072	20.09687562	40	20.24065193	16.69697311	40	40	40	17.84069194	17.72229123	19.03130132	18.25721226	18.56560794	15.94924053	16.97987474	40	19.22987629	19.62603143	18.07257145	18.00883577	16.84718946	40	17.89819221	15.26744557
CLP091	19.90602958	18.77404212	17.04003369	40	17.53326073	40	40	26.13145412	40	18.17991811	18.66018327	17.16006761	16.46962454	15.66928831	15.87051684	40	19.14385489	19.32440763	18.56247993	18.15815343	18.60358913	40	19.42342268	14.57343453
CLP092	18.32561219	18.2136507	19.50019846	19.5754926	15.70504748	40	40	19.19353712	17.49511914	40	18.92067998	18.03068883	18.44171922	15.99687436	17.02121131	18.49500888	17.07650391	17.09893743	18.96711704	17.40695994	16.07112803	40	18.11522505	14.92177772
CLP093	18.88444164	20.21316358	17.57732326	40	16.52091873	40	21.71760254	40	20.45604204	18.48247849	16.73303525	18.51653969	15.54420497	16.53016832	17.32312909	40	40	19.28176016	17.30871711	18.06348031	16.6851406	40	18.04843437	15.58522845
CLP094	19.57821129	17.59930738	24.86282988	20.21768126	17.27224101	40	40	19.23504962	40	40	17.98525792	19.21881801	16.90790002	18.25593242	17.26079321	40	19.07903706	19.32625481	19.2502799	18.38077102	19.01728332	22.17035923	18.32829981	15.1539213
CLP095	40	18.78981437	18.64470627	19.25198457	16.7326329	40	40	40	19.25336881	40	19.37783671	17.96775775	18.38462097	18.95442574	15.79035114	40	20.29555479	18.91269547	17.4999087	18.55801694	17.35168879	20.01312084	19.03648696	14.91553817
CLP096	18.86716994	40	17.9645637	18.40508597	16.16021873	40	40	19.25352504	19.38430858	18.61350598	18.63222296	40	18.35312451	16.2909284	16.90106309	40	40	17.86100861	17.56040122	18.72149746	15.83472899	40	19.06099318	14.71270822
CLP097	40	19.85913936	40	23.80585414	16.59378688	40	40	19.34914498	40	40	17.30905075	19.3635959	40	15.91805866	17.28418609	40	19.04178184	20.6476347	18.25040669	17.47140453	17.38451432	40	17.83727019	15.68272574
CLP098	19.85385571	19.68362427	19.62012006	19.09519473	17.18418006	40	40	40	18.85731774	40	17.78830872	18.96564569	16.88110072	16.67108689	18.05260376	40	18.2454472	20.44524928	18.66405422	17.51318817	16.89720658	40	17.88994254	15.0380011
CLP099	19.67428171	40	18.16555777	19.74684762	17.07130112	40	40	40	40	18.34784816	19.04030765	19.30783707	17.56416509	16.78358365	16.05389761	40	18.1416499	19.07393619	17.59971508	17.64920489	16.35707157	40	40	15.13060195
CLP100	23.52660082	18.66982989	19.67857458	24.18825667	16.60622749	40	40	23.21252917	25.23613537	26.39500652	18.32956444	18.57292148	16.7492203	16.5454864	16.65364045	40	19.07880783	19.81344268	18.26229794	19.07683392	18.3201798	18.46459777	22.39749202	14.41189283
CLP101	18.85843742	18.3623304	19.59395055	40	17.21468012	40	40	19.14067901	40	18.16937403	17.67372425	18.64056786	40	18.94059072	19.2020162	40	16.99095036	19.07981222	18.53935795	19.79658615	16.55747916	40	19.67130433	15.04656383
CLP102	40	40	18.54239821	17.56006466	17.08602957	40	19.93816128	40	40	40	17.70878413	17.96562234	40	15.96025954	15.6289895	40	19.22478749	17.69192213	18.1577748	16.51382297	17.01874955	40	40	16.61303043
CLP103	19.88189852	24.73122021	18.86076879	19.04962047	16.68474442	40	40	23.755307	19.68541718	17.92453358	17.60740391	17.17116373	15.92204196	16.72873561	17.75066322	40	18.01502646	17.78928692	17.89876505	17.81071709	40	40	16.993359	15.15546775
CLP104	18.34735399	16.28396089	17.3718229	26.07588102	15.83065468	40	40	18.05697831	40	18.62908718	18.30626668	17.45178136	17.98998666	15.00048275	15.48060268	40	16.85936325	16.79731368	16.25982822	19.83743327	16.99529585	40	17.02827866	12.55920362
CLP105	19.87580694	17.75529734	19.49779088	20.34657646	16.18358704	40	40	40	19.38427553	19.09348572	40	19.42039811	40	15.44929175	16.50676339	19.57469974	17.41200341	20.39479105	16.2079077	17.92831709	15.51810237	40	18.67637288	13.080603
CLP106	18.34115774	19.87141018	19.51343998	19.33685445	16.46802743	40	40	19.31715758	17.68717036	18.74810168	17.71640181	18.52717232	16.23443568	16.02722483	16.6021857	40	40	20.86899974	17.92101426	18.0018071	17.70654178	17.80223871	18.51018929	15.08943039
CLP107	40	18.93957411	19.58441406	19.56169399	16.98970605	40	40	40	40	18.07394624	18.25829737	19.68600295	16.79983145	18.94412352	16.38046355	40	19.0726663	21.692782	17.64257913	18.92654031	16.39933224	40	18.8374863	15.85109926
CLP108	19.10375351	18.69223842	18.49896667	20.12318867	18.43191229	40	40	40	40	19.12712716	19.42019148	18.16517526	18.31063886	17.87629089	16.89147481	40	19.06712867	19.69066351	19.92434549	17.11811121	18.10106024	18.46961255	20.83638396	15.68245587
CLP109	19.76281598	17.89832896	19.60046549	17.90667805	15.75836688	40	40	40	19.40291258	17.47086202	40	19.87519964	40	15.94627942	18.21191703	40	19.19228418	40	16.48640435	19.54560466	40	40	19.54742683	14.4090917
CLP110	19.71809587	18.14947137	40	19.1625425	17.0879575	40	40	40	40	19.01024162	40	19.36922667	18.32587941	15.90000641	19.417516	19.72358781	19.04619619	20.38589481	17.57230885	16.5479601	17.6110239	40	18.42710946	15.26175289
CLP111	18.260414	17.70119448	18.62047064	19.92809557	16.08844422	40	40	23.38923253	19.2429867	19.3532821	17.21607466	17.38643482	17.33758775	16.61976151	17.29465233	40	16.58903244	18.39376798	17.58960982	18.78734344	16.46788143	18.423863	17.0862481	14.41613503
CLP112	18.76982296	17.58271249	18.79312736	40	16.67333918	40	20.70137314	40	40	17.2716394	17.60386936	19.87769524	15.56285356	15.02000229	16.48623328	40	17.12676131	18.99142043	16.05632226	16.82357196	18.03782384	18.18313441	18.29803493	13.81095091
CLP113	19.68166244	18.7924816	19.76171604	19.43384681	16.4474141	40	40	40	20.40361196	40	18.84707577	18.01212593	18.29931197	17.17662257	16.70670097	40	18.32113089	22.32062069	18.4935323	19.20466295	16.71966247	19.21094614	18.70752318	16.23079354
CLP114	40	17.764414	17.82699974	18.14374246	15.392363	40	40	17.22052199	19.13677474	40	19.24149324	18.51657059	17.75472266	15.57661742	16.04598248	40	17.19856086	18.72405663	16.42328634	17.45653785	16.9872821	19.42653648	16.75591854	13.68527254
CLP115	19.07522416	17.78651901	16.34385664	18.62042067	17.11720436	40	40	19.30748251	40	40	18.15203546	16.90226256	18.37994624	16.71437379	18.30077593	40	17.63961261	40	16.59919422	16.57289583	16.29081439	21.41549612	20.83135658	15.2724187
CLP116	19.72499966	19.59826882	17.10120276	19.25134467	18.33076785	40	40	40	19.51751672	20.55748644	16.47501711	40	16.80335278	17.70358829	18.26366384	40	40	18.29184587	17.70684068	16.24474887	17.22842632	19.19017242	19.33239211	15.73287709
CLP117	22.56476394	17.98885793	19.25098212	18.95873255	17.19407768	40	40	20.17509095	17.40674874	18.21777304	18.52913923	24.986175	17.34264268	15.65876704	17.43323886	40	18.00412305	18.98913946	18.83463636	17.48320732	16.94717955	18.98396545	17.88460902	15.1966165
CLP118	19.51085188	18.91069712	19.6284973	18.25972491	15.65110643	40	40	40	17.75458291	18.46522147	17.91737483	18.26970618	40	15.65619188	18.14375693	40	17.63054989	17.21597742	16.69468784	17.08979893	17.66660208	40	17.58636839	14.40026452
CLP119	18.31641898	17.77568736	17.81180467	18.47837372	16.55841852	40	40	40	17.61014911	40	18.88748623	40	18.0978086	17.02058869	16.94014232	40	18.13508389	19.79354962	18.22011187	17.92413711	16.34839356	21.07275389	19.09220412	14.97748243
CLP120	18.87582428	19.40277871	40	20.17339894	17.75711439	40	40	40	40	18.89000021	18.18742326	19.95102924	40	15.85222168	19.47857826	19.31066768	19.22300114	40	16.78087973	18.54439044	18.41871528	40	18.80284739	14.62554998
CLP121	18.87184141	17.47743754	19.76639022	20.18607363	16.03244616	40	40	40	40	40	17.24587854	18.68423532	21.01261797	16.8449838	17.16834168	18.43593681	17.59458451	19.14644962	16.94442315	16.57502039	17.26583347	40	17.7005849	13.57037776
CLP122	18.66010724	40	18.86411994	18.1964907	17.75320879	40	40	19.2032998	40	20.1638328	17.51282683	17.16435712	16.9756311	16.88569517	16.88372916	40	19.201166	19.15215702	17.46472514	16.91261318	16.55512045	24.03756893	40	16.03805662
CLP123	40	40	17.20831678	19.3458712	16.32170293	40	40	19.38226427	17.9129174	18.73295444	17.94290105	21.54049818	18.25827405	15.9302456	17.62628737	40	18.02690598	19.29531761	16.71714799	18.79371348	16.52841567	26.36152686	18.37770927	15.24288351
CLP124	19.11837636	17.61971882	18.7163713	19.2405643	15.52209246	40	40	20.37783401	19.51961559	17.90845666	17.57486177	17.61242924	17.79374685	15.41865453	15.31880643	24.69965071	17.43806571	18.73103887	16.99542627	17.73308165	16.80210929	18.92907241	17.58229692	14.74261569