Abl1	Eif2b1	Erg	Eto2	Fli1	Gata1	Gata2	Gfi1	Gfi1b	hHex	Kit	Ldb1	Lmo2	Lyl1	Meis1	Mitf	Mrpl19	Nfe2	Polr2a	PU.1	Runx1	SCL	Tel	Ubc
GMP001	19.45556967	15.83384461	16.90974119	19.71437874	13.88508973	40	40	17.07471223	40	19.7455128	14.94644659	18.06475526	14.92041137	13.94439308	40	17.75576405	14.8359417	16.19860282	15.25480839	13.51698376	15.31038808	18.31057145	17.51805545	12.56425377
GMP002	40	16.45434727	40	40	15.06027476	40	40	17.43832131	40	17.83058457	15.17365849	17.34703755	15.86914164	14.5999909	17.28107455	18.56926789	15.96169226	16.3695661	15.8357674	14.47209978	17.09563216	15.95246252	17.86052789	12.45420944
GMP003	19.08487489	15.79106629	40	40	15.29561145	40	19.20632149	17.89513978	40	17.91057452	15.62837014	20.73080936	15.26227838	15.34134133	17.63040253	40	16.4589735	16.47254824	16.01675901	15.44158902	14.8757113	18.76410066	17.26893695	14.47231804
GMP004	18.41566064	16.38084447	18.82478707	18.26554114	15.58130697	40	40	16.68360363	40	40	15.42033147	17.86174119	14.90364986	15.49934026	18.09680741	18.69086271	15.53413623	16.67484411	15.95623351	15.39660604	17.5256459	40	16.75992962	14.01172773
GMP005	18.70389568	14.93980335	17.78687277	40	16.4355272	40	40	18.16269255	40	17.83969387	15.98061498	17.45146058	14.51913029	15.34137132	18.34316737	18.62119417	15.89522738	15.7405096	15.63934559	15.2069203	16.50891212	18.31800312	19.89886543	14.87523475
GMP006	19.04561313	16.15023807	40	21.73576279	14.54330685	40	40	16.50413743	40	19.63572723	16.74471146	18.15718295	15.55391445	14.31448252	18.4322419	18.27247437	15.76949115	16.02570375	16.29395546	14.89017536	14.87654699	18.55980385	17.21039044	13.01717683
GMP007	17.96114781	15.66279473	40	40	14.06363712	40	40	15.72353822	40	17.66878197	14.85771397	18.42606503	14.49608385	13.40949189	18.38110163	18.6214013	14.57288514	15.19794121	14.94656563	14.19497076	14.64187227	16.66954449	16.1645363	12.91208774
GMP008	40	16.3398193	18.71751865	18.68223882	16.20677302	40	40	40	40	40	18.64918673	40	15.86694615	15.91320816	18.49305045	40	16.49483173	15.94361854	17.47707081	13.77106727	16.39194811	40	19.27293701	13.35892717
GMP009	18.07198205	15.9566019	16.93787467	22.36659118	14.41636596	40	20.10747497	14.22012546	40	18.17069526	14.55066051	16.83243342	14.90739906	13.63751726	16.9124509	40	15.27028033	15.42551971	15.58686034	13.80702369	14.73379422	17.49149043	15.60742471	13.47277419
GMP010	19.11688969	14.95289032	17.48775977	17.77168573	13.91399405	40	25.99080524	15.78918005	40	24.47263195	15.2550864	17.25738044	15.65054477	13.75684692	17.60644778	17.55424286	15.0412569	16.24226339	15.65101904	14.1853071	15.78248235	18.47962732	17.63434626	12.7132438
GMP011	40	17.06765106	40	40	15.73008945	40	40	18.64013532	40	16.20040011	15.82971052	18.25725622	16.07322077	14.91105129	40	18.15779639	16.99588152	18.37344246	17.45791691	14.64642186	15.10322197	18.47075461	18.76822856	14.65874078
GMP012	19.25923074	15.830337	17.44624556	19.12102468	15.23817938	40	19.43517415	20.95585279	40	18.70657734	15.94471207	40	15.87162441	14.92491571	40	19.05114544	16.92416468	16.452307	16.44987666	15.54753854	15.45576602	40	17.91884514	13.20629993
GMP013	17.63423066	16.17082781	40	18.72716894	15.51754738	40	40	40	40	17.56660612	17.06898015	18.63170443	14.67603895	14.80171219	40	18.77460685	16.20536176	15.98470542	16.16352674	14.75526973	14.74392982	21.00817086	40	13.79505775
GMP014	18.53041072	15.7981087	17.55854206	20.2252715	14.02647449	40	40	15.34181934	40	18.25171588	14.48627374	16.99053423	15.15532019	13.96844575	18.11723558	19.0138132	14.97846224	15.45861117	15.47839535	13.86236813	16.17705052	24.61966623	16.67889881	13.45421653
GMP015	18.67885358	15.34764514	17.91429257	18.58251796	15.026814	18.93758204	40	16.58092415	40	17.61702292	15.03985291	18.7018482	23.30037732	15.02381431	17.54671984	18.96598097	16.08128621	15.96035062	16.66129347	14.45208439	14.38342196	40	17.0641031	12.73038438
GMP016	18.30928521	15.80481492	17.856212	17.53152058	14.6502501	40	19.18543358	16.42543827	40	16.7512515	15.13925616	17.00744259	14.81890879	14.93462662	17.13452645	18.89787559	15.57118184	15.92396104	15.20560182	14.5788893	14.59488021	18.52599209	16.64623103	13.60850828
GMP017	19.41994271	17.96244649	19.0372211	19.48134807	16.16599823	40	40	18.22214155	40	40	17.50022218	18.88928772	15.16101501	16.30918342	17.19041583	18.08561771	17.40589015	16.71565167	16.30261247	15.03119327	17.03299796	19.08793945	18.11795266	14.26929954
GMP018	40	15.92693033	17.54411048	20.36885343	14.9032349	40	40	17.70527228	40	18.27325861	18.18818353	40	16.85483719	15.35245008	18.7193073	18.95962321	15.85188917	16.64118998	16.04505103	13.90499247	15.82280151	18.50379386	18.73887843	13.12296816
GMP019	17.2241794	17.63387376	40	17.88740626	16.29298532	40	40	18.39241927	40	22.59127658	16.46288181	40	16.26946258	14.45557495	20.64609841	17.07199761	18.42684451	18.01653606	16.1172134	14.27060943	14.62024229	17.52904962	18.10683572	14.04473744
GMP020	19.23965975	16.88202733	40	26.89068681	14.87567178	18.26920349	16.12860868	40	40	40	16.68722738	40	18.47835254	15.83209435	16.74659541	19.04407486	16.96845744	15.64164017	16.67066344	16.13893858	15.18001969	40	18.63544522	13.42813257
GMP021	19.04674818	16.21300627	17.15278779	19.85394847	17.91302564	40	40	40	40	16.70127423	16.08594656	17.60161886	15.41806526	14.97618679	16.7796887	40	17.84862282	16.44914404	15.64810351	14.93819774	16.24227444	40	20.62374401	14.81794533
GMP022	18.50043584	15.6733191	17.04019933	40	15.02551149	40	19.2442955	17.23452996	40	17.26064069	15.51543385	16.56141415	15.4794667	14.71491058	17.13767355	17.97127867	16.48114776	15.98022923	15.27524832	14.5751017	15.19690269	40	17.34088168	13.97377624
GMP023	20.02593385	17.57585735	40	18.20025202	16.23883363	40	40	18.64845235	40	40	16.68005153	19.0545857	15.37637798	14.93534021	40	40	16.15992426	16.97316987	16.84258461	14.63880022	17.81625466	18.51241578	18.7377787	14.16104358
GMP024	18.14978465	16.7225623	18.79948082	20.0246757	14.44516907	40	40	16.42028372	40	19.04242518	15.60339778	18.0038096	15.65254078	14.95604957	40	40	15.2479446	15.65374102	15.95723612	14.31737074	16.19469687	18.71457408	17.15450492	12.59978942
GMP025	17.96132966	16.53923257	40	19.635528	15.26385637	40	19.2875172	40	40	16.51867957	14.79738051	20.89933281	15.53836149	16.05192874	17.54926156	40	15.45385594	16.07062518	17.1316908	14.65191689	14.03744026	17.14462327	18.23169281	14.11358226
GMP026	40	15.75603731	40	20.16173838	14.71902263	40	40	16.74364882	40	18.26499311	16.05726788	40	14.70666797	14.74179033	17.73867447	18.72167099	15.45836301	16.19287795	16.34418324	14.46830627	16.82804874	18.55824961	17.41390649	14.46026125
GMP027	17.68880149	15.7032056	17.96316915	40	15.01380884	40	19.21198169	16.47829262	40	17.19910357	15.26401719	17.42449534	15.17294688	14.47920501	40	18.99300319	16.19813586	17.4908571	16.29975173	15.02838252	16.17822892	40	17.85815111	14.34091147
GMP028	18.72899607	15.31958905	40	19.45227286	14.80857938	40	40	15.31211385	40	22.77526908	15.57967443	18.59250784	15.02347781	14.81600748	40	40	16.01788115	17.45651781	16.72028685	14.39338583	14.87556198	22.22800265	17.67236678	13.54816856
GMP029	18.00542695	15.66048046	40	17.5706957	15.04617762	40	40	40	40	40	17.90661364	16.77767755	15.92793649	15.60292788	19.49490987	40	17.34707324	16.09463191	16.40205232	14.5029699	16.43024683	40	17.83049412	12.98109324
GMP030	18.02669708	15.64661684	18.79681368	40	15.6312488	40	40	17.98242706	40	19.62190704	16.38880738	18.35948496	16.52962756	14.67188487	40	17.12497722	16.18985516	16.47678925	16.75788345	14.6108958	16.41830391	40	17.55934139	13.49425632
GMP031	40	15.59154508	17.37533923	18.98163443	14.66624207	40	17.50296868	14.9997911	40	17.02145813	14.62538653	16.99429822	14.94129869	13.50581527	16.11008348	40	15.05611799	15.34219718	15.43204191	14.11581373	15.17565919	26.26558284	16.4468927	12.84338505
GMP032	40	16.48458641	17.92688782	20.35986833	15.37193081	40	40	19.24061282	40	20.25665145	17.08940552	16.45863287	15.32771029	15.04061758	17.56822602	19.06423231	17.58141807	16.74337387	15.91411141	13.61616966	16.12627454	40	18.70903857	14.42248829
GMP033	19.16950139	14.5376554	17.78838761	40	14.49822625	40	40	17.65396589	40	40	15.82552722	17.53214863	16.01174642	14.1670142	40	40	16.1430426	16.05007085	15.42273048	13.76317286	14.9490719	18.52594745	17.9692306	12.53900632
GMP034	19.0648719	16.57052586	19.02198766	40	15.52982195	40	40	17.10990446	40	17.17231778	15.76565914	18.80249395	14.9995692	15.72219991	40	17.61572108	16.1058749	16.61842308	15.51716943	15.07451333	15.63673464	40	17.55325106	14.79485977
GMP035	19.4346445	17.29347312	40	40	15.70550936	40	40	16.20904192	40	18.26093295	16.39005304	40	16.23921008	15.53602349	40	19.02081479	17.51736077	16.17068357	17.05292862	15.39860839	16.92466699	40	17.75228669	14.79294403
GMP036	40	15.57639249	17.9527809	40	15.20365465	40	40	17.31531633	40	18.67492607	16.15564998	40	16.92454825	14.90683437	40	40	15.75217117	17.9122199	18.01233291	14.05581725	15.18173181	24.07672943	18.52496677	13.80301768
GMP037	40	15.23968738	17.60249294	19.64554735	15.29993364	40	40	17.18010114	40	18.30314043	15.77436318	19.06820227	15.40979884	14.52420727	18.56937619	19.0990797	16.25076378	16.16497909	15.91796248	14.54829622	16.44054316	40	17.71280078	12.26584982
GMP038	19.33640377	14.83522877	17.65142253	20.06868089	14.7407694	40	40	17.33904977	40	40	15.53353114	19.40900007	16.09829866	14.97138108	17.74682687	40	15.60569595	15.78106576	17.19493202	14.39565881	16.69758546	18.98894953	17.8047045	12.8771786
GMP039	19.2693463	18.72214543	40	40	16.08720074	40	40	17.95834388	40	19.17793367	15.67199338	17.83910696	15.57904454	15.52637979	18.67266364	19.04607282	18.43625507	17.30277279	17.87133084	14.95819276	15.99657234	18.69012952	18.5245867	14.75568333
GMP040	40	16.80313959	17.41492258	18.23095341	15.62249212	40	40	40	40	17.93733544	16.49724119	18.72711118	14.94100512	15.95572242	40	18.07278589	17.76735838	17.33608487	16.5380101	14.80781236	17.35527506	40	18.3548309	13.68417688
GMP041	40	15.86117254	18.15875121	21.30355911	14.91351041	40	40	17.88565394	40	40	15.6666934	19.36946641	15.3209011	15.08913189	40	17.52395647	16.32525971	15.64660287	15.7335014	14.13300542	15.14345618	20.29213046	17.36055873	12.55689867
GMP042	18.21367343	15.48125194	18.67645175	18.86463901	14.17087279	40	40	15.43690968	40	18.29054413	14.60819533	17.86160059	14.63262348	14.29758333	16.65282836	40	15.52664921	15.63154479	15.57975416	14.00480061	15.41222572	18.46932055	17.2787793	13.11100886
GMP043	40	17.00207681	40	22.2571609	15.74589523	40	40	18.41568997	40	18.69731668	16.98398922	19.31355508	18.28973353	15.80120245	17.48006938	40	16.66225004	16.78613207	17.09215574	15.94608707	16.30331708	40	17.29128115	13.43899454
GMP044	18.02158827	18.10587239	19.42503755	21.18692014	17.07207677	40	40	18.32373872	40	18.94913409	15.78814187	40	15.8464738	15.42407945	18.00928173	19.34828762	17.07120108	16.78442136	16.88326071	15.58701176	16.98107895	19.16273175	18.09860338	14.85468903
GMP045	40	17.57763549	19.40883946	20.61336879	16.31794062	40	40	19.42259069	40	40	17.73155538	19.43775096	16.77475289	16.6317097	40	40	17.28690133	16.60074605	16.92228778	15.41767047	17.28885244	18.01103855	17.90079727	15.63005905
GMP046	19.31270022	16.81499418	40	19.66722138	16.38215727	40	40	40	40	40	19.84792275	18.25595718	19.77461895	14.97043118	18.91320162	40	15.82644246	15.80201407	17.2069836	14.89650683	16.35912494	25.93613105	16.92050514	14.62913449
GMP047	19.57419313	17.21247136	40	19.12557822	15.47479497	40	40	40	40	17.70744596	17.96125701	17.5084425	17.03450555	15.84825569	17.95405308	19.35382341	16.88219783	16.42576036	17.25230648	15.59218176	15.18928337	40	16.99996639	14.55707934
GMP048	40	18.35886421	40	40	15.99663641	19.9572437	16.39130226	40	20.13407267	40	17.20923332	19.32249468	20.202661	40	17.58883139	40	40	16.73394283	18.61538551	16.14204797	15.02641861	25.04171574	18.42218077	15.10432041
GMP049	18.97330693	16.85590969	19.47075282	20.2949453	15.90081404	40	40	23.51208149	40	40	16.53041432	19.69745801	15.57486197	15.12760454	19.13468125	19.65312521	18.70556147	16.55438018	16.76822555	15.69582586	15.42127619	17.35758435	16.00800756	13.80348196
GMP050	18.51481782	15.11823933	18.53463139	20.02413218	14.5511963	40	40	15.31149281	40	40	15.63282419	16.64936531	15.05157023	15.15866061	18.18209913	18.40554352	15.19252271	17.62521816	16.67177746	15.0586595	16.45141209	18.928337	17.00679425	13.17493117
GMP051	18.58547438	15.53968055	40	40	14.9016893	40	40	16.51733012	40	18.74468266	16.07477011	18.04265108	18.0550922	15.51148776	17.51820885	18.68204662	16.17135297	17.15151922	16.82512507	15.42515446	15.99523299	17.995493	17.21053708	13.65119565
GMP052	19.40551046	15.86801912	19.19755642	20.23275031	14.68839146	40	19.5079271	20.03511906	40	40	15.73005637	19.45246412	15.01423722	14.90932035	17.82939094	19.33719514	15.89186176	16.02351937	15.94460835	13.74002251	14.99833769	18.79755951	17.04921854	13.73588416
GMP053	40	16.23534721	17.3938451	19.97878745	15.40009691	40	40	15.17128307	40	18.39983055	15.33837948	18.23660353	15.92646779	15.10915251	40	40	15.56123867	16.8605325	18.77882426	16.17739258	17.98735529	18.88802809	16.83243645	14.84792595
GMP054	40	17.11308042	40	23.10115875	16.4635262	40	40	24.23659988	40	18.76802658	15.89898716	19.51005556	15.30245621	16.35009646	40	17.8267742	15.764829	16.43300551	16.12067235	15.11270319	16.11426447	17.38216649	16.71251671	15.22805793
GMP055	18.6186522	17.31314833	18.47092913	40	14.98095999	40	40	40	40	40	18.49247565	40	15.76935834	16.27000231	17.59641103	17.75002765	16.25498168	16.78843211	16.99581698	15.21235025	14.74267779	40	18.97361034	13.30098136
GMP056	19.57544203	16.3213268	17.87079153	40	14.93061866	40	19.23892789	16.96327468	40	18.66451728	14.99766985	18.6493544	16.91876265	14.90507859	19.06008482	40	16.81740446	17.39513798	16.95442429	15.76017314	16.75441166	19.19731788	16.67234122	15.4083151
GMP057	20.55683831	19.06085012	40	20.79790913	15.32582156	40	40	40	40	19.31053684	19.84571476	40	16.6280853	18.60957319	18.85830275	17.76260271	16.5204912	17.13403347	18.16989834	15.20992338	16.56727065	17.89317223	17.49945749	14.05620361
GMP058	40	17.54940672	40	24.56416328	16.08777832	40	40	17.06200037	40	17.72993653	15.52464508	17.68598248	15.30530857	16.00302045	18.74618947	19.76985087	16.50504025	16.39298409	16.97617391	15.052515	15.35379768	17.97581226	17.20281275	13.72113012
GMP059	40	17.12952713	19.22803633	21.82934367	16.00203936	40	40	16.88365212	40	40	15.73903814	17.59881774	16.18800548	15.00647606	40	40	16.41752819	17.9393809	16.73355611	15.56242484	15.479748	24.80522442	19.53219644	14.60950895
GMP060	19.44010032	16.24754106	19.3860503	18.50537131	15.64416793	40	17.89407639	15.70599236	40	20.24534531	15.72809702	18.33283352	15.25646073	15.26732245	17.40814596	40	16.10085977	15.94964374	16.59882592	14.92360458	15.52230799	17.87086084	17.7415735	14.76360189
GMP061	18.70058036	18.56295423	40	17.70282397	15.75569387	40	40	19.02403032	40	40	15.51455675	19.33069963	17.09295006	15.74985387	18.39684667	19.94267674	17.489483	17.42199328	16.87067189	15.40575451	17.07973038	24.67793403	17.45398064	13.30857276
GMP062	40	16.97665935	19.46895702	18.94971182	15.79592468	40	40	19.19374653	40	23.77950019	40	19.75807231	16.83477513	18.08676652	40	19.51981925	15.97038204	19.13797228	17.20208025	14.80601621	15.78407833	19.04907494	18.09578094	13.91027938
GMP063	17.5966032	16.11218694	40	19.83867581	15.50427252	40	40	17.12047348	40	17.30415309	17.36000561	17.88752175	17.84548531	15.25830553	17.0795154	18.21626188	15.79798128	16.79966895	17.61110786	15.19758412	15.99221993	18.73938164	17.72305533	14.15738925
GMP064	17.84231726	15.78249281	18.35413317	40	15.49799925	40	40	17.39534796	40	40	15.24911497	19.44801345	15.74467031	15.24804692	18.80004775	18.50194309	15.88952076	16.22208965	16.49351794	14.98187156	15.73847763	40	18.2109514	13.64428965
GMP065	40	17.19823106	40	40	15.80071918	40	40	19.23658156	40	40	17.28756738	16.46789987	15.31293647	17.05045376	18.97520639	40	16.76747937	17.54090596	18.57027707	15.14320667	15.9036061	19.02930173	19.04005137	14.52973769
GMP066	18.42608763	17.20735407	18.41121624	20.19593527	16.0771113	40	19.79758882	16.40389977	40	18.02994098	16.23035757	40	15.81152013	15.39885696	18.59236369	40	16.96392077	17.98229847	18.83250587	15.92259593	17.14198169	18.06885218	18.7828319	14.79112189
GMP067	18.62106011	20.66098365	19.43438876	19.97025448	15.52507926	40	40	18.21433465	40	18.65432502	17.90591286	18.12361569	15.29602541	16.38602637	18.88439996	19.25702025	17.08922649	16.67033618	17.42971773	15.41232946	15.37791793	20.07038742	17.90873417	13.96064598
GMP068	18.49146462	16.2056417	18.42229841	18.6602748	15.57104993	40	19.82604113	18.1511783	40	40	16.3945614	16.93532839	15.99875144	15.97040467	40	18.6535929	16.26411037	16.68239827	16.84722779	15.32855374	16.56569931	40	18.29807014	15.19740708
GMP069	40	16.42084217	19.26225815	20.36097296	15.49052697	40	40	16.22920087	40	19.40699962	15.82405451	40	15.95437495	15.3988549	18.00593613	17.84942012	17.11355628	16.71583868	17.33805119	15.22033365	16.0439607	19.91930921	18.36436552	13.49298467
GMP070	22.41868202	16.23147385	40	19.06127915	14.92134563	40	40	16.75683951	40	19.12643714	15.79785553	19.20112546	15.16366514	15.73516468	40	18.48191711	16.76746917	17.41484485	16.65831845	15.65259666	16.59032658	40	18.04877899	15.67472091
GMP071	19.6887287	15.70719273	18.29901161	17.84306638	14.9097262	40	20.9105	14.893913	40	17.32913953	15.04450827	18.71102234	14.34876788	14.74786955	16.72804297	18.58870941	15.76471365	16.45530494	16.24635583	14.49956001	16.15431931	18.31157252	16.59153525	13.6236203
GMP072	40	16.38273455	40	19.73670886	15.50628769	40	40	18.92669982	40	17.7364125	17.70926635	17.89900318	16.6406468	15.10800798	21.00830283	40	17.63469294	17.08111172	17.17119413	14.69731108	15.94412737	19.22313808	17.19532633	12.78339745
GMP073	18.87734453	17.1257772	18.72295275	23.81838285	15.80028946	40	19.88605382	24.22428799	40	25.22096936	16.37976903	40	16.43794015	16.69904595	40	19.68178856	19.13050777	16.98097185	17.93540798	14.71384714	16.34513911	22.63276576	17.63961517	14.25520467
GMP074	40	17.32446876	40	20.02100315	16.06446805	40	40	17.65977204	40	40	15.6366349	17.75416114	15.16446169	16.82195721	17.6230013	40	16.56934485	18.7414041	17.71750525	15.61258336	16.83557969	20.3549142	17.18739516	15.94249871
GMP075	17.81353948	15.54667828	16.75217778	18.43542579	15.17892734	40	40	18.66897724	40	19.24276934	15.51353243	16.10107274	16.23151521	15.44685527	17.01398973	17.83632045	16.0425248	15.79207485	15.92590959	14.09384778	14.95857912	18.9497617	16.36997117	13.64778851
GMP076	19.5701618	15.2504798	19.27981795	23.24914918	14.7675943	40	40	15.50353785	40	40	15.62995171	16.67603247	15.49327589	14.45329039	18.11881956	18.18792081	15.73443895	16.2108376	17.7337722	14.81801418	15.61473709	40	17.00947866	13.75951735
GMP077	18.55473228	15.77557679	18.49498047	20.43997613	14.82981742	40	40	15.41907575	40	18.68083776	15.05035529	17.95683683	16.30153088	15.25027878	19.22073319	19.36895028	15.4896049	17.96866947	17.96477993	14.56568318	17.27962014	16.98448048	17.78402218	13.531388
GMP078	20.07598643	15.61691618	40	40	15.71193076	40	40	19.29044927	40	40	16.25984198	18.86864557	15.89455331	14.94963431	18.07525477	19.80424388	17.55171288	16.94108777	16.63870006	15.27337537	15.57889458	40	17.16991793	14.55113462
GMP079	40	16.92562034	17.60622641	22.13528661	16.59493815	40	40	40	40	19.09317978	19.30312361	17.95407143	16.9833101	15.74128848	40	18.57948547	16.85632593	16.47511449	16.84292118	14.93157938	17.70121715	40	20.60469851	16.41128013
GMP080	40	18.85728486	18.12125384	20.25454428	16.0785839	40	40	18.26792818	40	17.80775781	40	40	16.87057171	16.77343657	19.04389189	18.67222743	18.10089107	16.91229713	17.56054853	16.72592094	16.10676268	40	18.40429317	15.22949889
GMP081	40	15.91696989	19.51348283	40	15.01432161	40	40	16.15922947	40	18.32223657	15.80073866	17.51089046	15.73457961	14.40351115	19.41575422	19.4816214	15.54227758	17.06407061	16.25142545	14.73624115	16.49961387	17.52706471	17.42775423	13.68505378
GMP082	40	17.28148212	40	20.18506258	16.23072301	40	40	40	40	18.87498115	16.70609055	18.71471917	17.50963329	15.22579329	40	19.75792905	18.14370378	17.81411336	17.22451725	16.23888711	15.32742906	18.98221182	17.2461625	14.81050101
GMP083	40	18.20228046	40	19.10995757	18.04102266	40	40	19.13515889	40	18.80947379	17.44696474	19.60500188	18.79175426	16.24424987	40	20.45553341	17.60066944	17.95497495	17.34198635	15.23573137	16.47902664	40	18.50224424	14.4063333
GMP084	40	17.40702502	40	40	16.75084699	40	40	16.85004809	40	40	16.79614986	40	16.28028202	20.39950025	19.42017236	40	17.11825347	16.64104879	17.26074055	15.36154495	16.74290398	40	40	14.8605706
GMP085	19.95216757	16.23949355	40	20.98617956	15.1816581	40	40	40	40	40	17.8816486	17.68609936	16.9245236	14.99891962	40	18.47895978	15.7086451	15.68561202	16.86828875	14.4138203	15.39673326	40	16.97544979	13.73617175
GMP086	40	16.71118834	19.56731049	20.51070713	16.2999526	40	40	16.83395502	40	18.08451962	17.4780545	40	17.29463377	16.43498369	40	40	18.086771	18.84157942	17.83687177	15.88001316	17.31357625	40	18.58158084	14.1177194
GMP087	18.93610236	16.08731902	19.70726841	40	15.15796927	40	40	17.86525554	40	17.09902904	16.84285306	17.65247202	15.75620114	15.26685385	40	17.34503767	16.94209631	16.26998898	15.73442968	14.39679241	14.96220067	40	16.5966737	13.15017339
GMP088	19.87805735	17.4736682	19.36843109	20.2143365	15.83048789	17.50402169	16.42963821	21.79686136	40	17.08105715	16.14027767	16.95468321	40	18.44554122	16.81114125	40	17.69518764	16.28364173	16.93883484	16.38956279	14.84549154	20.53353983	16.04811528	14.93522301
GMP089	19.74043695	18.5226123	19.76844231	18.15647843	15.89126642	18.12696479	14.54368604	40	20.1546609	40	16.79485572	17.8796561	40	16.45736685	23.06184922	40	17.33450938	16.33231721	18.93412921	16.47973559	14.22909386	40	17.46292918	14.27292358
GMP090	18.47855095	18.29166901	18.43088306	20.37900124	15.7473017	40	40	19.24076927	40	18.05379055	16.3167598	40	15.84886312	15.81303669	40	18.42305909	16.47302063	16.15743043	16.36546119	15.39968207	15.35455812	19.1114121	17.3813206	14.82085696
GMP091	18.08560385	17.85455369	19.57000042	26.17230803	15.64154526	40	40	18.00025842	40	16.90285937	15.37039273	40	15.36606695	16.27477059	17.90131914	18.60607264	16.99625614	17.04780892	16.51328279	15.67281306	15.73072786	18.1254414	17.22216233	15.38297093
GMP092	18.84183975	17.03691903	18.2475176	21.25373065	15.75990728	40	40	16.26471014	40	19.23890726	16.35393291	21.43234156	15.34270702	15.26354571	19.18579565	17.81043638	16.07363778	16.74933988	17.3048165	15.15875015	15.61286318	40	17.22408437	13.82667779
GMP093	40	17.47005532	19.47594636	40	15.80472714	40	40	18.30859532	40	18.69610167	16.13414124	18.385739	17.25989613	14.97980249	19.20238881	19.26075818	17.68846328	17.3584457	17.39196095	14.71455525	15.46323945	40	17.51781503	13.78364341
GMP094	18.21666028	16.68253244	18.40871016	18.73825048	14.20994674	22.75066308	21.59197232	14.53304602	40	21.84664795	14.19955761	18.35937611	14.41436561	14.40112676	22.09286452	19.00917287	14.52296448	15.94084745	15.78280088	13.81902586	15.37378382	22.654645	16.58477437	13.53407982
GMP095	18.51165199	16.2750931	18.47945268	19.55673946	13.90218558	40	40	16.94538383	40	16.23180315	15.49574548	17.65240128	14.83996161	14.13372983	40	19.37515883	15.84281191	15.92483952	15.29152875	14.72899758	15.48110021	19.14655342	15.95327318	13.18559924
GMP096	17.96445915	16.48405612	18.63078241	19.76700114	15.70561344	40	40	17.57138114	40	18.65129535	15.41652491	40	15.52529314	16.13659978	40	19.20033237	16.42628723	16.9836588	16.22478325	15.35802272	15.5451149	40	16.62612685	13.0917599
GMP097	40	16.67538584	17.55549622	20.23754474	15.79441249	40	40	15.42194397	40	40	15.74978957	18.13515275	14.83846618	14.78947535	40	40	15.07289204	16.64243637	17.53767585	15.40240379	16.74503154	26.15042207	17.63087874	15.29424591
GMP098	19.36003773	16.28367616	17.97744887	19.3265748	15.02766587	40	40	16.40757365	40	40	15.36687098	17.72259235	14.73165593	15.42131308	16.97184341	18.02074684	15.2923855	16.72566206	15.42892417	14.63671437	14.96788372	18.26881576	16.42016371	12.41404778
GMP099	19.91577942	17.0388075	19.75408375	20.19943998	15.40868735	40	40	40	40	40	18.28221539	17.72338233	16.0536244	14.64977914	18.16315171	19.20857062	17.48516576	16.77090512	15.57264696	15.16680377	15.6932434	19.15839782	16.72813796	12.97051442
GMP100	17.78342044	17.0404199	40	40	15.90155805	40	40	40	40	19.71153743	16.04596025	19.94446299	15.93818176	13.77029523	40	18.9717704	16.32693793	15.88166753	15.03902327	14.10085884	14.91488132	40	16.297183	12.76478202
GMP101	20.0584569	15.83427411	17.95731724	19.99228145	14.34527725	40	40	17.71015577	40	18.53083013	15.38738901	16.56288496	14.38407635	14.69551364	17.78152984	17.40927942	15.95117584	16.39021873	15.40174945	14.96552975	14.76937591	40	17.90126844	12.93328278
GMP102	19.78211694	17.29565707	19.28457446	18.89575574	15.11244048	40	40	15.59640066	40	40	15.98179486	18.47411475	16.54270549	15.04875444	40	40	15.88282065	16.93663386	15.6848126	14.32649462	16.18650303	40	19.08636877	14.38519411
GMP103	19.92255689	17.94105266	19.59750635	18.53283948	16.09844789	22.86532859	16.91246565	18.90417607	17.50641879	18.2646763	16.06001037	20.37121418	20.03989959	17.39212443	16.39166958	40	18.02837837	16.22295548	16.0306062	16.50750154	14.60904248	19.107086	17.09511112	13.52723251
GMP104	20.01005777	16.08252595	18.52935523	17.80060302	15.9323139	40	40	40	40	17.8991963	16.90279994	17.25001008	15.23211051	14.96623957	19.08315389	40	16.4803319	16.9664212	16.78198167	14.86293236	16.0230512	40	17.56022312	14.22370354
GMP105	17.62499309	17.18000757	40	40	15.86405961	40	40	17.84718087	40	40	15.79483	19.64945486	14.86503267	14.86649108	19.3652805	40	17.29220546	16.76405527	16.63793943	14.41962548	15.72745536	40	17.21537245	14.56577828
GMP106	40	17.15586997	18.58207818	20.72899676	15.39933421	40	40	16.86859992	40	19.23216718	16.13788229	18.0052604	14.61537947	15.64884216	40	17.89610679	18.00972219	16.70947365	16.66431392	14.78883872	14.3115598	18.92700792	17.42780496	13.13245741
GMP107	17.28305374	16.98105835	17.14618021	17.59805462	14.59032864	21.52312673	14.8552956	40	40	16.97703016	15.82059511	17.34301253	21.2309314	15.87122344	15.39434858	19.23763189	17.94547953	15.08607963	16.2032727	16.56265994	13.2895618	16.60937147	16.63729412	13.26172057
GMP108	19.18179355	17.72412147	40	20.17550589	15.54763464	40	40	17.50572107	40	19.73453931	16.13978329	19.77185999	15.74108772	16.13548215	19.3968425	18.63682207	16.49141794	16.78878835	17.26471004	14.74559526	15.72245819	21.93895976	18.28468346	13.59198025
GMP109	19.95472756	16.37333944	19.3972078	17.71908549	14.38603268	40	40	15.7836463	40	17.27956648	15.88424771	18.78218406	15.67552289	15.15702208	40	40	16.04328046	16.49030579	17.02398711	15.70747881	16.53922556	23.80900675	17.80965248	14.21295557
GMP110	17.66469321	16.55261742	17.11733566	18.62215937	15.03088187	40	40	15.59925509	40	40	15.09022375	16.49491896	16.25576103	14.36701505	18.1138037	19.28237144	15.64054841	15.79699387	16.37974956	15.041215	14.97138632	17.91988983	16.25294036	13.91988348
GMP111	19.48089611	16.07669512	19.44224949	18.51777954	14.75329358	40	40	18.37865008	40	17.8608397	15.13712119	17.69054764	15.78518913	14.24597474	18.06260681	18.22849289	15.05508557	16.60808506	14.67685572	14.61280241	17.14302912	18.8807639	17.69070842	12.59558748
GMP112	20.271901	17.15186384	18.46074695	40	15.77837594	40	40	20.92849629	40	17.06169062	15.98145812	18.67039408	15.6518109	16.5892365	19.18970193	19.1125294	16.42094	16.75075793	16.4507203	15.34309562	14.92435481	18.9286479	17.1161868	13.45860163
GMP113	18.206191	15.65654386	18.5389074	19.09372246	15.0721184	40	40	40	40	18.88143915	18.36750878	16.27552914	15.05781604	14.13024695	17.51464401	40	16.80473915	16.73774567	16.30165626	14.28716376	14.81328869	40	17.19278948	13.94811587
GMP114	19.78908573	16.42785168	17.69227471	17.09314479	14.29229315	40	40	16.9232583	40	19.93228471	15.28128753	16.44322167	14.78725841	15.4855279	16.18498601	19.58998058	15.9139891	15.35588209	16.15613261	13.68986515	15.44523731	23.64855117	16.48004905	13.44791953
GMP115	18.78667944	16.83317264	19.41937071	18.23278429	15.97093678	40	40	16.79395689	40	17.78504051	15.37101624	19.50297792	14.86575677	15.26858366	18.98737317	19.39267712	15.82141978	17.20684902	16.51534568	14.90287111	17.82460623	19.07078092	16.83512545	14.72880525
GMP116	19.63274689	18.42935069	20.4281508	20.02784146	15.81537045	40	40	18.1806234	40	23.80804932	16.08635864	16.99178882	15.23156751	15.90099145	40	40	17.02739914	16.88504594	16.86087316	14.63076031	15.42815179	40	17.40050916	13.29176662
GMP117	18.07343576	16.60262531	40	40	15.13226534	40	40	17.48618965	40	18.56729217	16.447494	17.45172719	15.27910383	15.77111957	17.44925594	40	16.45888449	16.97475036	16.33226346	14.47775768	17.62894416	40	17.89676797	14.00565151
GMP118	19.05281156	16.803219	17.51598736	18.29569162	15.49133076	40	40	19.35316846	40	18.61836093	16.00584705	18.55576513	16.67342435	14.93845505	17.5524933	19.1702084	16.35917466	17.58962874	16.54420295	15.53352955	15.39579436	17.6754233	16.95666503	13.46530334
GMP119	19.78792703	17.79471999	40	19.78288381	15.67575968	40	40	26.00305283	40	40	18.69399246	40	14.88285155	15.38559133	18.07190919	20.63634081	16.84055342	16.43177293	15.58208321	14.21465425	15.71602147	40	20.13363047	14.41261759
GMP120	40	17.81620055	19.90139761	40	14.98835736	40	18.93819778	15.48918457	40	17.56871123	15.38783728	19.37327034	16.36059262	14.3837547	16.95203584	40	15.7507484	17.08319405	16.63877403	14.7315559	16.59809171	18.84289266	17.84553923	12.9971058
GMP121	40	17.70998271	18.46048717	21.92993875	15.71682811	40	40	17.81873925	40	40	16.11962987	19.66619645	17.2177262	14.90449718	40	19.19133849	17.41299758	16.863819	16.48159888	14.77199892	15.29777589	40	16.96780718	13.51212924
GMP122	19.95514522	15.22276248	17.68062175	18.99156545	13.89873199	40	18.253183	14.70650769	40	18.41172209	14.32042864	16.8614993	14.23439653	13.70630463	18.26137406	40	14.85466866	15.51615736	15.35037554	13.28985821	15.5322521	18.62944387	15.85474448	13.22905123
GMP123	18.28009539	15.63856821	40	18.95107971	14.86653588	40	40	40	40	18.17043754	18.59641186	17.81483044	16.2642628	14.21867978	18.48215598	18.12872445	15.74706427	16.42827348	16.18023485	14.31003455	15.86440269	40	18.4202951	12.43508065
GMP124	19.85433644	16.36319863	19.66616132	20.53946539	16.18014496	40	40	40	40	40	15.75975023	17.88739158	15.17500832	15.27474869	40	19.71686149	16.07562642	16.61808755	16.16722826	15.23378239	15.92831749	18.4363037	16.36834586	14.64722578