Abl1	Eif2b1	Erg	Eto2	Fli1	Gata1	Gata2	Gfi1	Gfi1b	hHex	Kit	Ldb1	Lmo2	Lyl1	Meis1	Mitf	Mrpl19	Nfe2	Polr2a	PU.1	Runx1	SCL	Tel	Ubc
HSC001	40	17.85552138	17.33991419	19.89505458	15.50490795	40	16.84446108	40	16.8325854	40	15.31842705	17.88216228	15.47466337	16.07764019	15.10838749	19.41031317	19.08856148	16.84877757	19.73924879	19.05687752	17.1574612	17.19604221	17.91562768	15.62306471
HSC002	40	18.11417296	17.51708378	18.44702902	17.02099433	40	19.97420686	40	40	40	15.43870289	19.57224697	16.1217675	17.27260234	15.58453811	40	40	19.12419396	19.05599832	20.81383304	16.90908134	18.57833256	16.9334229	15.92520589
HSC003	18.52709683	17.48542579	17.00203743	20.10815885	15.99202589	40	19.78663537	18.07413905	20.2661409	19.5848589	15.17576511	19.61208841	15.39731045	16.22425251	14.6249439	19.45030203	18.0318399	16.95030054	18.20409931	16.89347417	17.75176784	17.72016145	18.50998051	15.39750019
HSC004	40	40	18.008636	17.84999154	16.59397457	18.48360245	18.69749636	40	40	21.24554276	15.67563101	19.27362681	15.61252617	15.71395999	15.23047176	40	16.78031613	16.61331931	18.0968084	17.85674739	17.36577352	17.93395027	16.94125607	15.18595277
HSC005	40	19.03849346	19.44177173	40	16.99314679	40	18.40820247	40	18.46290472	19.68494565	16.77331826	16.99450133	18.21977981	17.25153909	15.17689084	40	19.10769634	18.9942801	20.20828323	19.82294817	18.09466031	18.23765909	18.77257844	17.59089403
HSC006	19.42401713	19.02266761	18.31373113	18.46886452	16.319118	40	18.846194	40	40	40	15.70274282	18.38737224	15.21796754	16.28579937	14.91100696	19.45309394	18.97698786	16.71270154	19.37865922	17.38291889	18.20452383	18.19881133	18.16503522	16.18499813
HSC007	19.31258825	17.93160439	17.77215424	19.02160794	15.7141287	40	18.63425761	40	20.37422644	18.52057617	15.93819102	16.47927918	15.20100427	15.23709869	15.67431051	19.26416728	17.47846593	16.66398928	40	18.659328	16.42919917	16.96269949	17.67518521	15.82220986
HSC008	40	17.9842651	40	20.01620782	17.63284394	40	17.03918541	40	20.22310059	40	15.84367685	40	15.8081027	15.08404601	14.56215895	40	40	15.88966609	17.67339677	19.60474241	18.1007362	18.04333678	17.73257295	16.83026768
HSC009	40	17.20503368	18.47216234	18.13505352	15.89750145	40	19.86227516	40	17.68147599	18.84957457	16.09678327	18.24518264	15.0310084	15.71896058	14.78733891	40	18.96617085	15.80519206	19.94957598	17.73693021	16.70921689	19.04839598	18.57453375	15.27216349
HSC010	19.86552796	18.14762103	40	19.20321777	15.77894758	40	18.43082719	40	16.98614316	40	15.5928517	17.89854715	15.65697475	16.38127385	15.758319	19.36282571	18.73749648	16.71535399	18.18633549	17.37731894	19.01219807	17.45867275	19.50890865	15.64438986
HSC011	40	40	17.73601158	20.26595917	16.40583643	40	19.20519537	40	40	40	16.68595571	17.14739992	16.07204959	16.93206158	17.09059724	40	40	18.29097107	20.92955986	18.34555709	17.17494391	17.98628644	18.16697956	18.38358028
HSC012	19.44390583	18.03691829	16.6445696	40	14.74561276	40	17.93491796	40	18.78723866	40	17.02735448	40	15.74418629	16.98124301	15.79222133	19.29530368	40	16.2769226	20.99172937	19.6723752	17.59740633	18.27575234	18.01523154	15.53116991
HSC013	19.42015376	17.38220515	40	17.20320687	16.00475077	40	16.53134778	40	40	40	15.86756831	17.55275602	21.39650948	18.75959279	14.91533991	19.30562199	19.09379113	17.21185991	18.46056424	19.76984306	16.29902071	16.76218171	17.07212902	16.39744147
HSC014	19.36701457	40	17.17349479	40	15.45300068	40	18.30894815	40	40	40	15.66977689	18.19827613	14.61743725	16.40944662	14.82813233	40	18.92613532	17.0821517	20.08307487	20.97904528	16.86177767	19.08624326	17.51489555	15.95636517
HSC015	40	40	16.11313117	40	16.79478643	40	18.73139757	40	40	40	17.33804352	18.52186852	15.22048902	17.38229225	15.07760752	40	40	17.21934365	19.78874461	20.51363077	17.50389432	40	20.67484115	15.89590332
HSC016	18.15263298	40	16.91629022	19.01942792	17.59163009	40	40	40	18.15351611	17.90117749	15.30208921	17.97909141	15.07773047	16.85150731	16.54472969	40	18.69291638	17.1709069	19.002711	19.86147425	16.63821869	17.45014063	18.97510607	16.41351002
HSC017	40	17.99616669	16.65786541	18.23655411	17.03994165	40	17.85302219	40	19.26212133	18.84738138	15.34142576	19.84229039	15.62725026	17.59281344	15.39185337	19.26246036	18.07292246	17.30442591	20.8728827	21.46609615	18.00775721	18.61190808	18.27697936	16.73749291
HSC018	40	40	17.29180351	19.87424748	18.22199986	40	17.824538	40	19.10310643	40	17.49775853	18.08509195	19.62494146	18.26083762	15.44988415	40	40	17.37038197	19.26927956	22.45804523	17.32546131	17.88944444	17.22073475	15.97892566
HSC019	40	18.0352798	18.71274249	20.11214785	15.80762395	40	18.47945657	40	16.77748188	40	16.54253969	18.03752843	15.3736454	16.15296785	15.56042543	40	18.37107745	16.75035058	20.71875074	18.78145523	17.8259063	20.17036001	18.36534476	16.1433435
HSC020	19.39958678	17.41323288	18.20965433	18.81513243	16.14538511	40	18.4194802	40	18.30653368	40	15.90383973	40	16.10976077	16.96264696	15.77379894	19.40518582	17.98641672	16.56059652	20.83853387	17.88826516	17.7030289	18.13978832	19.47232316	16.07946314
HSC021	40	18.86777954	17.64464492	40	17.83565079	40	20.06253151	25.67733595	40	40	16.40713518	40	15.79415752	16.29838592	16.69689063	40	19.9929238	17.53840474	18.2385701	19.68766906	17.49007014	25.30670599	40	14.94411791
HSC022	18.41639873	40	19.32381826	20.5740224	17.2817466	40	40	40	40	40	18.63422256	40	40	40	40	40	18.87439615	40	19.84197649	40	40	19.16715294	20.90087927	15.30738901
HSC023	40	19.11860703	17.49496231	18.83733298	15.22620653	40	18.39440571	40	18.09915623	40	16.41386168	19.73025478	15.71723474	15.70820781	15.36481464	40	40	15.94795733	19.10225734	19.79579182	17.94593966	24.08045945	17.2440932	15.21768769
HSC024	19.3932016	18.86085855	17.2914798	18.94440175	16.31116007	40	19.78684727	40	40	40	16.4088479	23.81485905	16.70993283	17.09692857	18.13490452	40	18.84153561	17.15755122	19.4315632	19.22126615	17.58004023	19.016369	18.98256764	17.05785744
HSC025	19.35344816	18.15292706	18.4140615	19.10879821	17.06290259	40	18.91409389	40	18.2730714	40	15.33374556	16.90113469	16.04141948	16.23976004	15.98048438	40	18.16291849	16.90706432	21.31710838	17.00876747	17.41270078	19.40671628	18.69781397	16.57483716
HSC026	40	16.75565864	17.4963491	19.05265078	16.44135095	40	18.03741255	40	16.00259589	40	16.54638074	19.4425411	15.37125767	15.47685949	15.90567985	40	17.73002909	16.69608035	18.77895077	17.33667713	17.43913578	17.06405477	17.89034109	16.68108403
HSC027	40	16.87043191	17.06543449	18.10789466	17.21292922	40	17.80319766	40	17.78485552	18.63429888	16.45727086	21.08303024	15.75855386	17.94484551	15.34586315	40	17.84363806	17.78280092	19.2551026	19.4283082	17.12046444	18.9756112	18.73498175	15.7094656
HSC028	40	17.88324278	18.21341037	40	16.91317055	40	16.73916665	40	18.00025629	40	15.19617434	18.37866866	15.31875823	15.93842245	14.9043494	19.8242699	19.00428151	16.85227361	18.61992416	19.91466768	17.67323713	19.07939267	17.7714357	16.44957329
HSC029	40	19.1827595	18.36480435	19.37050732	16.88952791	40	17.30392275	40	18.3469516	40	15.64068775	19.64197467	15.65868929	17.21049762	15.2939024	19.41982975	19.17341807	17.68613423	20.7800132	18.98862142	17.32395895	19.34688536	19.09716588	16.68814007
HSC030	40	18.83121662	17.10308354	22.40432739	15.44419904	40	17.49958994	40	17.76954233	19.54832625	15.74680003	19.54751043	15.66838622	18.41225614	14.92993081	40	17.5310342	16.86372008	17.71809093	19.44382909	16.38516024	19.29916549	18.48924412	15.61849904
HSC031	40	17.87103218	18.34117866	16.60628124	15.87975836	40	17.15487786	40	20.27649071	19.64629418	15.72134405	19.58328128	16.38083232	16.15208578	14.81522561	40	40	16.87833967	19.47339134	18.69151217	17.54887567	17.48092155	17.21154254	15.55003379
HSC032	40	18.57107603	17.54125063	18.70427083	16.54412424	40	18.23697064	40	40	19.51851653	15.61613476	18.63990353	16.34637018	17.02943723	16.66871345	40	17.99733951	17.92975988	18.85349247	19.20462861	25.16403032	19.17576819	18.76062785	15.50459492
HSC033	40	18.79419087	19.0526521	18.41341994	15.58650445	40	20.3871997	40	40	18.93773282	16.41221784	19.28400674	16.81534285	15.9486617	16.30371742	18.48493856	17.88883348	16.79525315	20.46353768	18.91104517	19.02064003	18.80590548	18.67820183	15.37815465
HSC034	40	18.01905367	20.15686567	40	16.29769447	40	19.60182897	40	40	40	17.10267586	18.20482829	15.65763654	17.2464275	16.42853794	40	18.98965971	16.97276144	19.1790794	17.0662076	17.24558262	19.41536572	19.72433932	16.65742134
HSC035	40	17.62210875	17.79732605	19.51557732	16.22812628	40	19.64850587	40	20.04907456	40	15.88898611	17.29241796	16.14054594	17.7846419	15.73693171	19.22904718	40	18.22991033	19.52773085	17.82926335	16.65461927	19.09171021	17.53520704	16.27143308
HSC036	19.18028762	18.15384682	18.38332926	40	16.23361678	40	18.82729298	40	26.44257267	40	16.33734268	16.80182979	16.63647914	17.48881943	14.72647775	40	17.94185605	16.95339547	19.18946509	18.47609155	18.90373498	20.10520414	18.09068956	16.34119678
HSC037	40	17.98009159	18.12577407	20.95605681	17.28358168	40	17.72268028	40	40	40	16.73981111	18.42591307	15.19356083	17.70702061	15.29978344	40	17.87718558	17.76028108	20.58215818	18.47795344	19.1523857	40	20.52269774	18.01938689
HSC038	40	18.83297611	40	18.14113353	17.15257166	40	19.06061045	40	19.99413807	40	16.83956362	18.17880615	14.77410886	17.57493673	15.81755672	40	40	17.27343607	17.47887991	19.76966186	17.06853473	17.92312757	17.69239461	16.03184651
HSC039	40	18.96106278	17.43443068	17.61519017	16.20809231	40	17.52226534	40	40	19.03273468	17.07154506	19.98157078	15.17710355	15.73956167	15.04714844	19.27349388	18.93685839	15.96188062	19.15615671	17.46981277	16.43222943	18.97298908	19.44403162	17.01391216
HSC040	18.82208127	18.38218985	17.37600529	19.14568327	17.08470297	40	18.82836649	40	40	40	16.37090489	18.69951474	15.2187486	16.66762019	14.65982321	40	19.06154	16.83144644	19.40896181	18.59138749	17.13474369	18.04001456	17.24892764	17.0522439
HSC041	40	17.47999521	40	18.08571493	15.92230979	40	16.76620403	40	18.2500878	40	15.56783524	18.39653695	15.51289033	16.13537319	15.34845692	19.26715627	40	16.65169793	18.68226404	18.48585363	16.94175965	17.57299206	16.70739376	16.58037324
HSC042	40	18.87123993	40	40	17.24148698	40	17.53612015	40	17.92192049	40	16.3785723	40	16.42570504	15.99221123	16.29382367	40	18.00497699	17.87378351	19.8008339	17.54422243	17.71952991	18.54169807	19.63538281	16.14360595
HSC043	40	19.5419602	18.9435495	18.24433072	16.55378648	40	40	40	19.35110196	40	16.3123629	20.42931149	16.65168557	17.29068543	15.06744127	40	40	18.94756676	18.38825243	17.57877535	17.20978728	17.39892602	18.13294211	18.01169526
HSC044	40	40	19.70095935	19.60707501	17.81266292	40	18.51082105	40	18.53929251	40	16.14239279	18.03361074	16.30860034	16.52286155	16.38999335	40	40	16.75278394	18.49573867	19.01220907	16.32432711	18.38826972	18.04232415	16.38339085
HSC045	40	18.63378089	19.70774515	40	16.06946331	40	19.14777246	40	18.98637673	18.11435527	16.56221031	19.88961708	14.63589427	19.07071747	14.48574788	40	17.59317583	16.01417428	18.17560243	16.24572588	19.61612675	18.31809007	18.96886436	15.17998907
HSC046	19.53907609	19.35867523	18.66334627	18.84042736	15.49274451	40	18.11044525	40	18.1302898	17.07257111	16.20491961	40	16.73335622	15.77974641	16.18695138	40	18.26528898	17.52585684	19.97278872	18.47105808	18.26457327	19.49124411	19.15644864	16.44767152
HSC047	19.82582169	19.28111753	19.14196044	18.68629344	16.36513878	40	40	19.28043588	19.49450466	40	15.4848671	19.76558331	16.17747493	17.49933903	16.61447565	19.68693952	17.51388166	17.61889416	19.34622816	19.20842629	18.64625019	17.52243767	18.8546031	16.80696833
HSC048	40	18.49598962	17.36155421	40	17.01152079	40	17.3368694	40	18.82538232	40	16.65524126	18.20379341	16.8971287	17.08446623	14.97274966	40	40	16.44521376	18.32326214	18.71155799	17.40556844	17.22314959	18.8012266	16.59124587
HSC049	19.68953309	17.92058755	17.63232331	18.46934074	15.54017083	18.05321459	18.61742952	40	16.11643949	40	15.35876919	18.86474375	15.22693057	17.77765211	15.68149	40	18.89325963	17.34844325	18.27518106	18.99199019	17.42966908	17.85611706	16.68471356	16.43455981
HSC050	40	18.64739166	18.06124044	18.39302943	17.13554652	40	18.30348319	40	17.98292391	19.66778517	16.25119362	19.65119116	14.98166468	18.87716538	15.71660353	19.57981915	18.99142873	16.57536293	20.76233214	17.28038007	17.26181867	18.22790755	17.76795778	15.89860258
HSC051	19.628976	19.39817948	18.98705	18.64903512	15.19334689	40	40	19.79854012	18.55437139	40	16.44294521	18.8634158	14.78733267	19.65706257	15.147053	19.64010235	40	17.35355692	19.10849429	40	17.15170968	40	20.77790053	16.39041475
HSC052	40	19.36673574	17.12626172	19.27752022	15.9056507	40	18.88866337	40	18.72724543	18.80387764	16.70018479	17.47286826	15.89051361	17.08889082	15.38232546	40	40	16.8179668	19.4198009	18.8245862	16.44823372	17.48553125	17.38878625	15.97445635
HSC053	19.60760133	19.21338967	17.96597252	18.08201058	17.13248962	40	17.41213915	40	20.3065174	40	15.73211637	40	15.98130564	16.68988779	15.58775867	19.42970178	40	17.92364045	18.16515869	18.56662068	16.70224342	20.29024522	19.27255969	17.8736225
HSC054	20.0020268	40	17.92595597	24.17160933	17.41280147	40	19.04135667	40	20.57199166	40	16.23989381	40	16.53999053	16.9223754	15.14485669	40	40	18.00976843	19.61596952	18.10622408	18.60686598	21.18997059	19.21490158	17.01407397
HSC055	19.79667803	18.49673046	18.36986954	19.94702919	18.36945308	40	19.43476412	40	18.43416283	20.83211148	18.81658849	18.40974304	15.73697633	16.16798449	15.03287043	40	19.15038896	17.12950248	17.97528434	17.48583778	17.01926924	18.23777905	17.60535539	16.55395431
HSC056	18.84185228	17.95569818	17.65677243	17.78040488	15.76359297	40	17.72485365	40	18.49645951	18.21322205	15.7624002	18.00119721	15.88195549	17.92006754	15.22732038	40	17.68172952	17.2911147	21.00652989	40	17.25762123	18.42504322	18.8026115	15.93353296
HSC057	40	17.92319944	40	20.14501672	15.63473416	40	17.53745926	40	18.13677987	40	16.27605111	19.78608658	15.85391967	17.2347353	16.41236717	40	19.11542099	17.11729211	19.02563693	19.10177673	17.58035295	22.96019092	19.85904342	16.84081592
HSC058	40	19.56395777	17.41492327	19.94630017	16.43207117	40	17.5082383	40	18.63848135	40	16.64783893	19.21277033	23.02286151	18.60403766	15.8193105	19.36758731	40	17.57387151	21.58877508	40	17.86518549	19.30661526	20.67039562	16.92256627
HSC059	19.67901866	40	19.4770315	18.87679723	17.49311252	40	16.4421911	40	19.39729807	18.85416454	16.22829256	19.78896229	17.33278266	17.16356328	15.29730048	40	21.22107904	16.70997146	20.97619762	17.71719579	16.65468157	18.24846095	18.44238318	16.76110423
HSC060	18.82409525	17.38853189	18.51800494	17.46763643	16.92389785	40	19.06916576	40	20.00335636	40	16.07677746	19.81822104	15.38072741	17.24801236	15.48579158	40	17.99973109	16.93177897	18.0835001	20.37967587	16.33564976	17.70407185	40	15.13465901
HSC061	18.82107194	17.66708303	17.62443547	18.12269192	15.72348003	40	17.64834839	40	40	19.3715356	15.43768372	20.10840127	15.08419396	16.71069394	14.56832733	40	18.22162299	16.78206462	17.1947115	19.98758253	15.9804002	19.21920456	16.79560607	13.6686553
HSC062	40	18.69952313	18.71740338	20.00328128	15.9030674	40	18.0640525	40	18.95619774	40	15.74154178	19.49213382	16.66306549	17.06185947	15.27996147	40	19.21089249	16.9047955	18.96004719	19.0118888	18.39894783	17.57457856	16.98531806	15.70088641
HSC063	40	19.0290844	18.68410001	19.07397546	16.57274357	40	16.48857306	40	17.20451589	17.80781683	15.71310435	19.32218133	15.8884927	15.43730697	14.57679476	40	40	16.6833555	18.3680548	18.51980966	18.44062548	16.8659972	17.05252479	16.17739332
HSC064	18.78277859	40	17.97604383	17.59605639	15.86288948	40	18.51176444	40	20.39576879	19.57851053	15.76177107	18.34670511	15.17522644	16.69583682	15.40464673	19.68769617	19.35340406	17.29165925	19.09040054	19.59186074	16.12873256	18.90733452	17.87011049	16.82340313
HSC065	40	19.06676291	18.38116919	40	19.09245734	40	40	40	40	40	16.20331807	40	15.77002524	21.66788004	15.12266747	19.40668926	17.66933116	16.7572645	22.25670583	18.83167388	18.46468586	40	17.87667672	15.7625393
HSC066	40	40	18.58243704	19.24041246	16.70333338	40	17.73487468	40	19.95379114	40	16.46984671	18.61021966	16.50697157	16.48039561	16.84786286	40	40	16.67056186	19.68273273	17.06011317	17.48241752	18.18618873	18.2306755	15.73887976
HSC067	18.912411	40	17.99303942	18.77788215	17.16626502	40	18.57818512	40	18.10303683	18.03459145	15.21278373	20.73472421	15.22375338	17.44310826	15.72717198	40	19.2106505	17.39151686	18.47870871	18.80844657	17.51751173	19.44257477	17.75468978	15.58718403
HSC068	40	19.5492075	17.93093378	18.3674746	19.32044047	40	18.5040136	40	18.46472972	18.00592305	16.32213452	20.05995973	15.75354714	16.90474983	15.47289585	40	40	17.21165161	18.58901065	17.91523452	17.54924877	18.42267352	18.54290664	17.5982084
HSC069	40	18.12151664	18.52595617	18.4178055	16.34172157	40	17.91067951	40	40	40	16.24979368	18.01833722	15.67313709	17.82767324	14.78155947	18.4631443	40	18.40723041	18.72958013	19.30008341	17.68463749	18.07471673	18.44230355	16.3936477
HSC070	19.67650537	40	17.80761937	18.40596416	15.57060757	40	19.07085104	40	17.77893665	19.62014703	16.30371122	19.54336335	15.31062296	17.26755868	15.19775016	40	18.05327085	16.72835434	20.88520302	17.84858055	16.4334754	19.29053932	40	16.61259736
HSC071	40	19.87894927	17.92511654	18.70605591	16.77231417	40	18.62888313	40	40	40	15.96704316	18.52087335	14.96785423	16.65357205	15.7329945	40	17.84424602	17.72646406	19.85634403	40	17.1482744	18.33042234	18.34280094	16.41670989
HSC072	40	18.40568135	19.95470166	17.67304507	18.04270369	40	19.82176537	40	18.80550292	20.48975518	16.72188462	40	16.71084232	17.84135702	15.85771175	19.25768929	19.21366497	18.16726705	19.24668296	18.46433232	17.62568467	18.02403325	19.18591993	15.93904241
HSC073	40	17.85200905	17.82279877	19.39580028	15.46291208	40	17.87188329	40	16.96757536	40	15.66322569	40	15.97360962	15.85781183	15.65052269	19.63568607	17.63398378	18.04150116	19.37994279	18.39152855	15.79142968	18.83888888	18.05925294	16.04287484
HSC074	19.98705085	19.36936636	16.85274812	18.4198882	16.55770466	20.05218159	17.25813086	40	17.52893372	40	15.27992217	16.99810012	17.51484173	16.24944928	15.33231688	19.49204894	17.63292623	17.60697458	18.9298511	18.92869278	15.94218712	16.9319191	18.25651632	16.74079054
HSC075	19.62968053	25.07007155	18.39719969	18.98188179	16.39091787	40	18.74726374	40	40	19.30717466	16.90086719	20.17434715	16.51113632	16.12925383	16.20270538	40	18.61344182	17.4395625	21.20947923	40	18.15165311	18.3096115	40	17.77623672
HSC076	40	19.13297936	17.89025016	18.46475034	16.13089543	40	20.02233567	16.78742835	20.13666659	40	16.49176842	19.57627659	16.40927603	17.24114676	16.00014147	40	40	17.47529632	20.73633458	19.07619545	16.77817459	19.51580603	19.59565871	15.7814095
HSC077	19.95456483	19.16941378	19.99701591	40	18.37715717	40	18.55687085	40	40	40	15.82418236	19.50708193	15.27081757	17.31697605	16.11609992	40	40	18.25708508	18.29830399	20.26913669	18.21280274	18.76613223	19.13100242	16.7999198
HSC078	19.78995953	19.0510773	18.56935467	17.57861164	17.29466886	40	18.13961283	40	20.49627522	19.0493093	15.74242861	20.49656899	15.08705934	16.8053273	15.70636907	40	17.90532817	16.22977774	20.94826198	17.92236945	17.99097001	40	19.22043997	16.49930967
HSC079	40	18.23873202	18.65596029	18.65646053	16.6826187	40	17.39708653	40	40	40	17.47592778	19.00675591	14.38293247	17.26526272	15.60447126	40	40	16.72131586	19.75741918	17.51357547	17.74383924	18.49406121	20.67532166	16.38015342
HSC080	19.6891948	40	40	18.63328775	17.07337559	40	16.83250309	40	19.52129495	40	16.97025544	21.99985942	15.84317975	16.79011091	15.45061057	40	19.09174897	17.04795224	18.90780995	20.0360964	18.18571527	19.16797692	17.35035058	17.90064618
HSC081	19.78294531	18.2480255	17.46605166	18.26331434	17.04344891	40	18.9211383	40	20.18858403	18.41198669	15.58398398	17.80573656	15.96695106	17.28164385	16.13643129	40	40	17.6386525	20.83489737	19.83147103	17.30336432	19.17335445	19.69521138	15.35521351
HSC082	40	18.24137411	18.58272679	19.20445819	17.06863765	40	20.04988526	40	19.41811183	40	16.02171737	40	17.59765633	17.86558565	15.70676356	40	40	18.31764929	18.79198165	20.07817828	19.25220246	18.27898214	19.84950164	15.78974985
HSC083	40	19.28891342	19.84504503	18.1971055	18.11043731	40	20.28334283	40	16.25230714	40	16.30512866	17.69826426	17.30600016	16.32098747	15.30103654	40	17.50984824	17.01233422	18.98976269	17.81009636	18.1342328	19.3091843	18.61690418	16.8755549
HSC084	40	19.42796753	19.67334457	19.15262399	18.50525673	40	18.76285275	40	40	40	17.6376175	19.59358169	15.96920755	40	16.65070982	40	19.18483784	18.83856745	19.87726768	19.50275868	19.24812698	18.11827043	40	17.48714814
HSC085	19.72753748	18.22275922	26.92080024	18.72008616	16.69588908	40	40	18.37416411	20.23796173	40	16.29165284	18.44692581	15.17002715	16.5472655	14.7745145	40	18.99577504	16.34095688	21.78495359	19.75143555	17.89952754	40	18.60163174	16.96949362
HSC086	19.62393954	40	17.51568006	17.91639679	16.3141975	19.80262459	16.57047015	40	17.96398725	19.61189936	15.26956547	17.81034598	16.67605825	18.2747366	14.7211386	19.31707929	18.78095557	16.19671691	20.2730093	17.84222833	15.74681867	22.28318241	18.81476954	16.98182579
HSC087	18.89166033	19.18373461	18.47264561	18.66469031	16.8008341	40	16.77895326	40	20.34132377	40	14.89904483	19.71789348	14.43089652	15.46452402	15.07844174	19.44806557	40	16.09137801	18.35568385	17.81074464	16.74113248	18.87749723	17.15555868	15.32452327
HSC088	40	18.50416653	19.72757934	18.80198511	16.65733456	40	17.03867114	40	17.28718667	19.24997055	15.33594951	18.48726738	15.86528035	15.64009267	16.17929935	19.34009523	40	17.03988566	19.66498092	18.69337566	16.66303517	19.14275026	18.11127911	17.21520577
HSC089	40	23.83034791	40	19.32282532	16.68431749	40	19.79941746	40	40	40	17.61518693	18.31620867	16.90492993	16.92150979	15.43988504	40	40	16.82579704	19.28361221	18.54264477	17.06514225	40	18.61346793	16.37924118
HSC090	40	40	17.27369713	18.31654826	16.97170536	40	20.37196574	40	20.19915296	40	17.51791388	19.68101084	15.90120292	16.80376455	15.70502739	40	40	17.53209355	18.50152524	40	16.90706511	18.01919791	18.37359726	16.1221461
HSC091	19.74361378	17.77547238	16.54849686	18.77632559	15.36902597	40	17.66979947	40	18.65184439	21.2580881	16.86248003	40	15.46974334	17.17977208	15.51471113	40	18.76554204	15.86519018	18.96053435	19.58799649	17.72568404	22.17506529	18.23078437	17.31196638
HSC092	40	18.24221982	17.89258066	21.15782236	18.15425404	40	17.93972278	40	18.01834379	40	15.56196248	17.50628616	14.3562556	15.57496869	15.23142749	40	40	16.7224991	19.83345482	18.52953747	17.46324052	17.36139216	17.69790545	15.53722541
HSC093	21.63182842	19.30575689	19.37278825	19.15402853	18.09812429	40	17.82346414	40	21.18981691	40	15.35669233	17.36113916	16.31750751	17.33021753	16.02444482	40	17.17769799	16.48947376	18.08901458	17.25762272	16.05704113	18.87816116	17.66715296	16.65022738
HSC094	19.67429382	40	40	19.19444011	17.70273292	40	19.75792351	40	18.95983614	17.04338454	16.76112848	18.83787795	15.1812783	16.72538243	15.23603701	40	40	17.14510127	18.99172625	19.69304022	18.02718207	17.61174186	18.16771612	15.46212206
HSC095	40	19.4660852	16.71299339	18.41658689	17.18038098	40	17.91479004	40	18.24137732	40	16.15232555	40	16.4763946	15.47625106	15.17018825	19.18467498	40	18.098972	18.33295427	40	17.95197126	16.93973169	16.91834441	15.82749301
HSC096	40	17.9410605	17.72654746	20.59841831	16.57980256	40	19.33204453	18.52756352	20.56968964	19.04171494	17.01173891	17.41183399	17.4844834	16.05075852	15.64726069	40	18.9048371	16.54303071	18.83873334	17.91301392	17.20163632	40	19.0306505	17.04818315
HSC097	20.12309774	19.88049431	20.28340528	19.30986522	16.56205855	40	19.2205844	40	40	40	15.857519	40	16.560646	17.11093306	16.08630641	40	19.21181656	17.30110669	19.76108032	19.91972658	16.69046525	24.04253626	18.72641907	16.37058902
HSC098	40	20.83620362	19.12779915	18.03545285	16.14566318	40	18.86688126	40	16.2937233	17.29060271	16.00054032	17.04355539	15.91789414	17.63651902	16.52343615	40	40	17.81131026	20.04796353	19.35871124	16.26615937	40	18.42606117	16.941208
HSC099	20.38334589	18.63585289	18.89484179	20.38407831	16.21884805	40	19.46538938	40	19.22302052	20.57390354	15.710248	18.32732699	16.75320845	17.28054325	16.33534186	40	40	18.0198602	18.83527414	19.26006298	19.25148652	40	18.50099274	15.72763735
HSC100	40	19.21927928	17.44323786	19.12470234	19.85862828	40	18.14676301	40	17.80116967	19.02282215	16.21580427	17.48552164	15.52784648	16.81422947	14.43928899	40	17.71617451	17.84370514	20.56580091	17.83465189	16.39102319	17.11480067	17.48872534	17.25171024
HSC101	19.72943237	26.59463322	19.24112015	18.55743963	16.90905533	40	18.92681072	40	19.1006987	40	15.90192492	18.72275188	18.17492799	17.69563992	15.5777897	19.036947	40	17.16357239	21.10026306	20.10706156	17.38013779	40	18.14473522	16.58364941
HSC102	40	19.31380181	19.31166163	19.37307222	15.91889158	40	18.45323694	40	40	19.0933149	15.90624072	20.13841012	15.62004222	16.57698462	14.66227801	19.42657201	40	17.32114843	19.56470579	18.88354214	16.80029912	17.83525995	19.98410566	16.0094879
HSC103	40	18.19753413	19.35691629	20.20038554	15.38261406	40	18.80120097	40	17.85452852	40	15.17564834	18.52849545	15.51132337	15.5931228	14.41903636	40	18.69148698	16.27403608	17.44918218	17.6202601	15.73254861	17.69199841	17.68685058	15.78774831
HSC104	40	19.41634461	17.99780102	20.62475602	16.80271785	40	40	40	20.08487203	19.23589473	15.86242685	18.61703992	16.11124836	16.68086303	16.64024777	40	40	16.78678412	18.29099647	16.6530824	16.15660125	19.20888848	18.76131154	15.96204801
HSC105	40	17.96455771	18.27935653	20.23991791	15.20602556	40	40	40	17.43750597	40	15.92964969	19.40216456	15.57952263	16.06760625	14.74343852	40	40	17.38342107	18.28624294	40	16.57176145	16.16829887	19.02876489	16.02141908
HSC106	40	40	19.32639981	18.50790489	16.56881775	40	17.53919321	40	40	40	15.97352401	40	15.98751693	16.11621797	16.28046987	19.29949986	40	16.13518845	18.51178209	17.8789999	17.69162907	18.79811913	19.4213882	16.09254177
HSC107	40	21.47968048	18.33973616	18.69568289	15.31072308	40	17.10394391	40	20.10326381	18.76829382	15.39631609	17.84937802	15.53178093	16.44515047	13.74743034	25.3671789	18.63507029	16.13912355	18.21155823	18.09881449	16.06907383	19.03529992	18.93942861	15.91696117
HSC108	19.68827956	19.41290537	17.93301847	40	19.22868577	40	21.61176537	40	19.26505485	40	16.52734811	18.5945271	15.48666475	16.50016081	15.67473887	19.19694316	18.60694313	17.48628461	40	18.22138313	19.09141037	18.94273048	18.53221934	16.17381005
HSC109	18.82811412	18.3939198	19.3479955	40	18.14690111	40	40	40	20.01827583	40	15.82129614	19.93053011	15.19375033	16.86202624	15.57505252	19.63916271	18.00601048	18.36318934	18.73023012	40	15.96759851	19.11862412	17.35579131	16.67626854
HSC110	18.82307305	19.12185243	17.90302324	18.79089596	16.78910452	40	19.20998118	40	40	40	15.95444154	19.79116533	15.2258039	16.2138798	15.34384241	40	40	16.41773217	19.18757585	18.91469654	16.34757727	18.16496365	17.8441406	15.99235169
HSC111	40	19.4203477	17.87256022	19.55792558	15.67624186	40	18.62187416	40	19.48593595	20.43077844	16.1104902	18.62693418	16.12799386	17.65782192	14.40130463	40	17.17649265	16.79921562	19.91415915	19.39876376	17.52916351	18.38596458	17.2596214	16.41307439
HSC112	40	19.31530792	18.32313528	18.24027798	16.45187015	40	19.36537753	40	18.57524742	40	15.18108164	19.97638019	16.77547939	17.98306225	14.6875742	40	40	16.62576323	19.132028	18.58701537	18.00973035	19.84062115	18.40952753	17.30374662
HSC113	40	40	18.40231842	20.45559748	16.05330017	40	19.81206101	40	40	18.72726163	16.26575815	17.05941791	15.65727084	16.30726907	15.68054546	40	40	17.03203392	19.54279131	19.51266458	18.27789557	40	18.29552732	16.18763542
HSC114	40	19.46081918	40	19.21027174	17.03230863	40	19.15229472	40	20.17975722	18.85213261	16.19104816	18.27894468	15.13280937	40	15.51224383	19.36158568	19.23247176	16.39800232	40	19.68912488	17.32594974	17.5471725	18.89442535	16.09650826
HSC115	19.99170439	18.50004154	19.33860382	19.10704809	15.27899382	40	20.00734304	40	19.45029192	19.76331065	16.41473784	17.67070222	16.73387424	17.53801371	15.6010677	40	19.09574352	17.00257818	18.86735591	40	18.13476035	17.5092233	18.20014569	16.53174163
HSC116	19.90110117	19.17376279	19.33118582	40	17.64868156	40	21.17878896	40	20.11836593	18.86024513	16.01026464	18.48539668	15.21645588	16.67583883	16.1411724	40	17.96778754	15.94839645	18.87253537	16.8182039	18.48526082	19.04976379	19.32091604	15.60377101
HSC117	40	19.31734197	17.7529471	19.32423334	16.58262174	40	18.47587114	40	20.3285147	40	16.58111693	25.01890233	15.37523319	15.96145868	15.01572101	40	18.82122401	17.5653418	18.58354505	19.0782735	17.60158649	18.7087391	18.1709518	16.56887009
HSC118	40	19.29590911	17.43991929	20.35604458	16.50165767	40	16.3407169	40	17.71421004	40	15.22929211	16.74641037	14.98509438	15.70709807	15.82006208	40	18.72046958	16.8099873	18.95805712	18.55315295	16.62041949	18.76605675	18.70047357	15.91695654
HSC119	19.65755024	20.22951734	18.34662664	17.74996584	17.03029253	40	18.71690347	40	18.43296671	40	15.72256854	40	15.11188316	16.81719705	15.25439566	19.22440062	18.57114075	17.36441356	19.76215334	17.61344467	17.31621691	17.57938915	18.55379912	16.40885898
HSC120	18.72884621	17.66364458	19.24258897	19.02056209	16.06363756	19.7140394	17.50119804	40	18.27637506	18.52073211	15.58235304	19.28370909	15.1713854	18.22536707	14.70670129	19.2946142	17.74465569	16.41473798	20.43531943	17.82092129	17.14531387	16.69243997	17.26827008	15.29857162
HSC121	20.03188977	18.45841473	17.26417448	17.39743258	16.60236774	40	19.15878064	40	18.22966426	22.60604834	14.96182181	18.17079233	16.2554332	16.10264008	15.8501817	40	40	16.00997833	19.62937823	18.65256474	16.78455604	16.41705205	40	15.75655579
HSC122	17.66510213	17.04502319	18.25631374	18.31967251	15.03008985	19.69634843	16.13688359	40	40	18.50344185	15.16868918	18.45407239	15.28515813	15.7825658	15.48033987	40	17.76836495	15.17747394	20.72642317	19.76269096	15.65269798	16.78272856	17.23151905	16.32226321
HSC123	18.50202487	18.94320613	19.15272266	18.10868343	17.83520538	40	17.28954256	40	19.77950406	18.47363651	15.26997018	19.22530134	15.23336403	15.44280387	14.70732831	18.01360733	17.55919345	16.62161285	20.51113791	18.1504552	15.98394961	17.66772257	17.83903197	16.12311082
HSC124	40	17.33565967	40	19.55909282	15.65001275	40	17.02027817	40	19.08836199	40	14.97891668	40	14.8155784	16.37129127	14.15747718	19.26398973	17.69778988	16.03915231	17.86819649	17.07738609	16.70202849	16.36033939	16.62526398	15.55372269