Abl1	Eif2b1	Erg	Eto2	Fli1	Gata1	Gata2	Gfi1	Gfi1b	hHex	Kit	Ldb1	Lmo2	Lyl1	Meis1	Mitf	Mrpl19	Nfe2	Polr2a	PU.1	Runx1	SCL	Tel	Ubc
LMPP001	18.73684767	18.67770776	18.56309403	18.86710464	16.36114542	40	40	17.81638384	40	40	16.76628631	19.53425764	15.01404009	16.40398041	15.79879457	40	18.11180233	19.28115656	20.77297292	17.56315023	19.4425997	19.23440991	19.33965695	15.43173764
LMPP002	40	19.58752082	17.46358398	20.09566356	17.42992464	40	19.87906661	22.30580868	40	17.7289766	17.54804569	17.11038549	15.05296309	16.31202694	16.18078058	40	18.02185438	16.84264547	16.99650327	17.85086859	40	18.42057506	17.60863436	15.59684704
LMPP003	19.93791697	17.83512461	18.07391874	19.46590479	16.81597532	40	40	18.34735219	40	40	16.03435511	18.0269027	15.25769182	15.86985252	15.88229227	40	18.88656558	16.3919175	19.23135092	17.38335755	17.30653699	20.32072067	17.74047056	15.45263774
LMPP004	40	40	19.31359161	18.6865421	17.3312641	40	40	40	40	18.8397218	16.87692668	40	16.07770393	15.71612014	15.84464436	40	40	16.77266091	18.65414175	17.7965771	17.09874618	19.28100811	17.76612007	16.00242352
LMPP005	19.63801332	19.32411032	26.89874727	20.36793291	17.46310001	40	40	40	40	40	16.99972565	18.36001886	18.5793667	19.82998263	16.40416943	40	40	18.64833904	18.14604612	17.78963595	18.20530837	40	20.76834665	15.54505348
LMPP006	40	40	18.64822118	20.26185391	17.14034949	40	40	19.31048797	24.02604798	40	16.08561644	19.93029784	17.51823969	16.21236732	15.91236256	19.71531649	40	18.26302251	19.89413522	17.64700645	17.40487193	40	19.10311482	16.82590963
LMPP007	18.7463287	16.58847325	40	40	17.01173768	40	40	40	40	40	16.15612286	17.13267417	15.53285937	17.6976562	15.26679042	40	18.04082914	17.5186269	19.0645048	16.39129078	16.2969726	40	19.73727993	15.31092708
LMPP008	40	19.36308793	17.5201776	20.88609941	16.58733408	40	40	18.2567937	40	19.34894786	16.62793187	19.41419648	14.48422363	16.82828134	15.75178668	40	17.42992505	17.10771466	18.50365945	17.98357327	18.37350754	17.19764243	17.31945394	15.88956334
LMPP009	40	18.63646615	17.07633926	21.29958207	16.6867604	40	40	40	40	40	17.71292592	18.3363068	14.84275359	16.98261458	15.67754757	40	19.01192651	17.33924782	18.53863163	17.6409651	16.42971566	40	17.4333612	16.40590843
LMPP010	19.40731417	19.30153955	18.1837903	20.15487188	17.31660676	40	18.67177823	18.22692097	40	40	17.13909703	18.70030298	14.99738201	15.64301349	14.89008451	40	40	17.4585388	19.106426	17.9219584	16.5511181	40	17.83505685	15.69187624
LMPP011	19.62209155	40	19.78904049	40	19.40705078	40	40	20.38456585	18.75981324	40	17.36050956	18.57616788	16.52077492	17.32895847	15.43099208	40	40	17.91129416	19.35961708	18.23840321	18.23538187	19.1074543	17.78204005	16.69511103
LMPP012	18.82954697	17.09843457	17.89063633	19.26829875	16.21779962	40	40	19.21947219	40	18.25432002	16.09978335	19.31101153	15.0718063	16.44169541	14.92342669	40	18.04635529	16.72305432	18.98572744	17.8583811	18.4330578	40	18.06119119	14.95270205
LMPP013	40	40	17.87324781	40	16.8783461	40	19.70055997	40	40	40	17.84868316	17.92876454	15.60433136	16.05749166	19.24132226	40	18.82670473	17.90650204	19.2562217	17.8311857	16.63155917	40	19.67168995	15.69618613
LMPP014	40	18.33025113	24.62152546	18.91527016	17.32502232	40	40	19.01299301	40	24.8389383	15.73984257	18.04591919	15.70198014	15.82848341	16.031418	19.4844115	17.43669428	17.519595	18.30383203	16.4846421	16.67279771	17.40889525	16.86026357	15.89122137
LMPP015	40	40	16.69740533	19.95108375	18.40133428	40	40	17.94774835	40	18.81119404	16.66948383	18.46693766	14.64762058	16.47981011	16.38931969	40	40	16.98449987	20.33833282	17.74432053	16.81375293	19.27767683	16.93508423	15.70557531
LMPP016	19.56505047	18.24183428	17.7519385	20.09012901	16.18041984	40	19.77891431	17.68330219	40	18.72651973	16.94079695	16.48985288	15.07430336	15.39843014	15.21713298	40	17.04186476	17.64545734	17.11684463	15.79510461	16.57740231	18.44452324	16.5945302	13.85831288
LMPP017	40	17.78042269	17.87193357	17.27426204	18.31591114	40	19.73726533	20.74259969	17.38769197	40	17.01671912	19.51736722	15.45709937	14.8825021	15.85421134	19.64244937	17.89680605	16.17315062	19.12858583	17.06875965	17.21069056	40	20.68322282	15.98713175
LMPP018	40	18.27855535	19.38680335	17.67603447	17.70865562	40	40	19.41789069	40	19.20534703	16.81506159	19.42595564	15.89201773	16.56097553	16.52809124	40	40	16.73529479	18.99169613	18.50350697	16.84590609	20.16525229	17.93181477	15.67907983
LMPP019	40	19.22275643	17.03641497	22.27869247	16.62952812	40	40	18.98293276	20.25528118	40	19.13846328	18.66298818	14.5049256	15.9428939	16.06964998	19.55939972	18.09162847	17.50993055	18.40431687	17.78549372	17.17720419	40	17.57728717	15.68872689
LMPP020	17.88527945	16.98591612	18.61075768	18.85610053	16.53781759	40	20.2652442	40	21.40424678	18.79240054	15.89055355	18.18741818	15.72691525	15.53349353	16.27036754	40	17.5709825	16.93023406	18.15905433	16.0363799	15.99319876	40	17.68223739	14.74339901
LMPP021	23.34251202	17.61044052	16.83380916	20.80934349	15.94218124	40	17.96394857	18.93359929	40	40	16.06116047	18.23925532	15.54540853	17.53334887	14.70001104	40	40	16.29547838	17.89200488	18.30173079	16.31573428	19.18302035	17.98552045	14.97898349
LMPP022	20.09736785	18.42261548	17.46824888	20.29712114	17.50881141	40	40	40	40	19.44190365	16.56808999	16.97448731	16.15357314	16.60120812	15.60241424	18.55220997	18.1124323	18.665775	19.68172777	18.35144575	18.2435932	40	18.13628159	15.82986353
LMPP023	19.5639582	18.23389839	18.35796706	22.25296306	17.11668016	40	18.64482226	40	40	40	15.69787839	19.66530273	15.43562849	16.8326356	15.92626067	40	17.46076758	18.7085516	20.25659475	17.75059328	16.57426638	40	19.86422599	15.24913673
LMPP024	19.67452791	40	40	20.69213904	17.52096584	40	20.33080608	18.40099826	18.78155084	19.87477142	16.50710529	19.34291805	15.45194839	17.4467481	16.12179307	19.42982876	40	19.08013199	18.87833094	17.41082231	19.25926224	17.73145341	19.2508342	17.2877281
LMPP025	40	18.28567056	19.51758895	20.53267386	17.00183447	40	40	19.59763645	20.18224447	18.85900341	16.9632229	17.48103008	15.37146039	16.54128163	16.29055842	19.47700935	19.26806512	16.82685442	20.18920184	17.46066164	16.93619694	19.22788777	18.42621233	16.71604656
LMPP026	19.84832521	16.83222828	19.23426125	40	19.14661113	40	19.27641967	18.22891893	40	19.77379582	15.71420776	17.12637402	14.64121375	15.24596631	15.50342977	19.47386268	17.51822721	16.59508784	18.83574876	17.11763128	16.71837627	40	18.90031958	15.46240618
LMPP027	19.46450037	19.17046357	19.12269416	18.35462098	17.41759453	40	19.11714322	17.45795642	18.24212395	40	16.22901957	19.50774949	14.97764557	17.65658511	16.20795426	40	18.83454844	16.12969592	21.04993905	17.65974845	19.3922516	23.5415663	17.74381013	16.02683974
LMPP028	40	19.23425244	40	19.41173491	18.45584558	40	40	19.39710293	20.27013699	40	16.42997008	18.8310788	15.32925198	16.47919272	15.81768181	40	18.06481244	18.75630943	18.62851877	17.56807994	15.89124695	40	19.30988531	15.55298103
LMPP030	18.78682645	40	18.2695638	18.77781422	17.68050606	40	40	19.05253709	40	18.90573493	18.15665842	40	15.04958636	16.79900255	16.30588923	40	18.01128846	17.92750009	18.36788502	16.93204223	40	40	40	15.51291099
LMPP031	40	17.7737577	16.62489858	18.12291127	16.70700427	40	40	19.37532832	40	40	16.77294169	19.85354822	15.96829348	17.65951104	16.51326298	40	19.07028094	18.86755348	18.34871175	16.38426568	18.27912242	40	18.59461292	15.22641462
LMPP032	19.67794557	18.26040602	19.56816027	40	17.89066219	40	19.76698802	18.07793684	20.07900184	19.2771012	17.6623193	40	15.5433421	17.23950256	18.38375879	40	17.98180913	16.92697656	19.26075063	17.36796552	18.31806145	40	40	15.89208529
LMPP033	19.45787493	19.39381979	19.27183268	20.26475537	17.58318452	40	40	19.19663269	20.12639819	18.57421551	16.49880081	40	15.13689675	15.71776431	15.6674369	40	16.35990387	18.39653811	19.38381426	16.01325938	15.98358648	40	16.67667035	16.00546036
LMPP034	40	16.92077846	17.53287911	18.40309311	15.85234245	40	19.28677637	40	40	40	16.48977664	19.02347226	15.10518688	14.94813496	16.24442741	40	18.22613892	17.61776245	18.17599814	18.4614656	16.73780901	40	17.56161617	14.80778877
LMPP035	26.03268448	17.70641068	17.84090493	18.82107661	16.44393986	40	23.05552339	22.04220072	20.24756946	19.71073789	15.45806276	18.61327436	14.7242004	16.01053394	14.98541703	40	18.05689605	16.63549271	18.17125628	16.3926556	16.10356283	40	17.78570127	14.9009671
LMPP036	40	19.12462277	40	19.63300588	17.56837601	40	20.12802917	40	40	19.08753987	15.4790736	19.26436173	15.02208534	15.79760356	17.03006076	40	18.88295431	17.47052569	19.51608417	18.08606286	17.43951273	40	17.61634298	15.23502521
LMPP037	40	17.65444037	18.41001983	18.13179678	17.38508875	40	17.75053121	20.11818017	40	40	16.1052892	17.96848689	16.7644509	16.93188653	16.14590633	19.47625839	40	16.78821013	21.4122478	17.40357862	19.2862033	40	18.2466382	15.80910187
LMPP038	17.45804053	17.00640714	17.98090806	17.77383008	16.19965439	40	40	19.30702285	18.04746206	20.74746207	16.74951329	16.99290084	15.99538254	15.40829544	15.58815861	19.7665392	16.76273793	17.72742038	17.69063558	18.15575403	17.57164177	40	18.96438918	13.69529138
LMPP039	40	18.25925346	19.54115925	40	19.30976971	40	40	19.09074806	40	18.99355279	16.95202006	17.8204115	15.02331049	17.09514056	18.03491057	40	40	16.59705015	18.43798096	18.63632038	19.4519083	40	40	16.37862153
LMPP040	18.72875127	17.50841512	19.39744113	20.94895483	16.19693593	40	40	19.88601209	40	40	16.81946362	17.92166228	15.22060864	16.79646281	16.41861953	40	18.29245655	18.47094083	20.73897709	16.30043987	16.51123815	17.97022998	18.81935733	16.16260976
LMPP042	40	17.00148845	18.26607801	18.60772061	16.35291407	40	19.88216965	25.67153472	40	40	16.52314193	17.67148144	15.31377431	18.74018898	15.76031211	19.49367015	18.10385908	16.59045825	17.56694088	17.37618891	16.82909322	18.74897145	17.65355076	14.55467272
LMPP043	20.20940942	18.51080343	19.60685319	40	16.60921299	40	40	19.80330127	40	40	16.38586717	17.06826559	16.57757991	18.05082257	15.74206055	40	17.40008415	19.93081402	20.33210201	17.99237631	16.53228916	40	17.93435655	16.27041006
LMPP044	40	20.31628007	17.99838441	20.0127387	18.45624979	40	20.2721323	40	40	18.78220034	16.06699599	19.59064309	15.93798222	17.98262674	16.43321187	40	40	18.65437553	20.54834392	17.35856968	18.52556259	19.50456011	18.88376457	15.18411487
LMPP045	40	40	40	18.89822251	16.8264492	40	40	18.95413849	40	19.11072254	16.72882709	20.72006855	16.11204862	17.02559685	16.68950069	40	18.8819327	17.32149772	21.12746749	17.50255415	18.25273746	40	17.86960447	15.43782109
LMPP046	40	40	18.33955966	19.76723217	40	40	19.79390475	16.82308639	40	18.64892581	16.60738552	18.37452447	15.49585497	15.64346352	16.09641088	40	40	16.57085698	40	17.45421257	17.11958985	40	18.65770287	15.06392735
LMPP047	40	16.74828682	16.9983741	40	16.22117429	40	40	40	40	16.9115938	16.4025495	18.78030792	16.13245897	15.77636127	15.8829	40	17.54152521	16.83725451	18.0454174	18.70038144	18.33251143	19.4135121	17.15593764	14.90969359
LMPP048	19.82497729	18.4787282	18.61519908	19.73264374	19.22212523	40	19.99544189	20.06021101	40	21.73820845	16.07711319	18.69815877	16.22327875	16.19109145	16.0928071	40	18.93627409	17.92345614	18.34053789	16.33272673	18.10906611	19.16638184	17.27964255	15.93247425
LMPP049	23.34364071	17.7495169	16.94928522	19.21244066	16.54187727	40	40	18.30795726	40	17.8126202	15.22489844	19.18714903	14.70465177	15.86456691	15.75279168	40	18.10611858	17.81618462	18.24431032	17.08592359	15.69552591	25.78974256	17.87531264	15.04965638
LMPP050	40	18.22539607	19.72673736	18.99849562	16.29389287	40	40	19.26236348	40	17.79840744	16.05097453	18.38375471	15.6429951	16.19588261	16.53229618	19.30362524	40	23.76371442	18.96539028	17.53972879	17.76727991	18.86505965	17.76000416	15.65138627
LMPP051	40	18.55460003	40	19.03064499	16.8123975	40	40	19.21761874	40	18.18458733	15.87541799	18.47884478	15.17398752	16.47845906	16.27891886	19.83606226	17.04591867	17.56953391	19.82451817	18.15901568	18.05546804	40	18.42570743	16.41451004
LMPP052	18.56268961	19.3305139	18.57533376	21.7995797	16.65518836	40	40	40	40	40	16.1531917	19.27943272	15.60836775	17.79862969	15.62077063	40	18.9556234	16.55592029	19.09944356	16.98291774	17.16053509	18.92136019	18.33208364	15.8229023
LMPP053	19.54669895	18.41407924	19.43192656	19.5700984	18.47423	40	22.70602054	17.12174747	40	18.78771856	16.97421898	18.65219045	15.9210317	15.54884142	16.22742407	40	17.88365551	17.7180664	18.14895513	16.63455198	16.4416805	40	16.92598263	14.34670141
LMPP054	40	40	18.51905928	18.41346695	18.26016195	40	40	40	20.19010384	19.61901031	17.10893163	18.07855296	15.21452748	18.43699583	16.57458539	19.46686921	18.92257763	17.44737852	18.6202337	17.59488889	17.8129893	40	17.85201489	15.07472768
LMPP055	40	16.72762724	17.25419387	18.3192499	14.94774182	40	40	18.15738075	19.0652586	17.67070046	16.53916936	18.48050066	18.07969954	15.64051686	15.71210846	40	17.05075161	17.78124159	17.0412347	17.13077393	15.74036779	40	17.1341486	14.57397128
LMPP056	40	18.44066601	17.54255486	18.3669641	16.36253216	40	40	17.78287527	20.35136884	40	16.71088676	20.11643716	14.74232057	17.80003024	15.98789859	40	18.98629593	17.11795235	17.93854865	17.2952995	16.23752631	40	17.23332173	14.57601189
LMPP057	18.65387302	19.07833195	17.38994823	20.18499968	15.61882072	40	19.08176325	40	17.54944755	16.9139786	15.53630631	17.85847744	15.66237709	16.41154152	15.73247275	19.57592325	17.37755664	16.57444576	18.5835005	16.18748672	17.62413516	19.04819168	17.76044749	16.34809787
LMPP058	19.58719997	19.09681565	18.42861864	18.10924865	17.49600874	40	19.7364891	17.56868058	40	18.71090606	15.62315274	40	15.42299217	16.11622608	16.31253317	40	40	17.47618121	20.8283046	18.1460634	17.55008454	40	18.72082403	16.94402418
LMPP059	40	19.24469109	19.46495539	20.29407454	16.54776938	40	40	40	19.98214141	40	16.4867723	40	15.79832472	17.6207098	15.94712612	40	17.59090147	18.17084155	19.55574925	17.3817273	17.30513936	40	18.73527885	15.66722982
LMPP060	40	17.60918459	19.44346912	17.64640986	18.08094418	40	40	17.84310155	20.05270243	24.4677245	16.52089603	17.3328902	16.36072297	15.84758352	19.50516215	40	18.85122441	17.55831072	19.37203698	16.92807688	15.87630791	40	18.44754041	16.02089219
LMPP061	19.82195032	18.38932668	19.7378112	18.60546238	16.09931681	40	40	40	18.62549667	18.73573551	16.0577239	19.05327285	16.08424804	15.53902716	16.19128005	40	18.07390624	16.87743804	17.76013302	16.79407609	17.11327326	26.30953369	18.01431288	14.16488275
LMPP062	20.01192169	17.1034879	16.79171637	18.21641565	16.56710887	40	40	18.46600718	40	19.22145718	17.07724464	17.87985578	17.09005233	15.88589536	16.40067721	40	17.71624515	40	20.83583297	16.94295259	17.0495032	40	19.83150168	15.51903172
LMPP063	40	19.19908287	17.77034313	19.38287234	17.32049646	40	40	18.97050393	40	17.2386033	17.17832181	21.73762432	17.33990016	15.88454807	15.11918468	40	40	16.74960773	40	16.76758154	16.68624812	40	17.57075515	16.00317113
LMPP064	40	18.17404039	17.81680026	18.39267483	16.77589966	40	40	40	40	17.21996143	18.39515369	20.68239311	16.25761978	16.33528456	17.15441173	19.37862845	18.23055251	17.19740915	18.75916384	18.97987501	16.76308169	40	17.36751427	15.80806669
LMPP065	40	17.29656837	18.49199717	18.62362029	17.69682068	40	18.40612861	40	19.10825688	18.83634348	16.261227	21.02650952	15.03164969	17.54777104	16.83019509	40	17.78088654	17.19676059	17.33032535	17.48588919	18.02365942	40	17.86269322	15.81230026
LMPP066	19.62770241	19.15115107	19.29098579	19.52165938	16.55981162	40	20.0796763	40	40	18.1197938	16.13016474	17.58509475	14.5861494	14.93985413	15.62970081	40	17.98730397	16.98506418	18.03005845	16.34114052	16.89378877	40	18.14105907	14.47899759
LMPP067	40	18.17976219	19.66486582	19.4081319	17.86211899	40	40	18.8776244	18.49684307	40	18.50744601	17.47678947	15.58497024	16.28995264	17.43611683	40	18.95044933	18.56866783	18.91787061	16.56580833	18.98576675	40	20.00040733	15.94118949
LMPP068	40	18.19114622	17.92966796	19.71898535	16.76464337	40	40	17.6449672	18.70608124	40	15.67522846	18.53141072	17.43790541	16.95489935	15.89315163	40	17.45938312	18.21366605	19.38910166	16.72301807	16.65713885	17.8181135	17.91470216	15.73618552
LMPP069	18.54966691	18.01860673	16.59682956	19.40709902	15.67383754	40	19.88382949	18.87340158	18.51316117	17.8315007	15.38839562	20.30991359	14.99103792	15.06691076	15.3936827	18.37446795	16.80944573	16.2705575	17.41487454	17.68245942	16.55740167	18.44783203	17.3983988	13.9525525
LMPP070	19.60645275	19.17372642	17.21051467	19.38942374	16.57134626	40	40	17.34393795	40	18.10138604	18.79969001	19.81615115	18.98012534	16.72583687	17.17616741	19.34474729	40	40	19.56190729	17.46553837	16.90725145	40	17.51894955	15.28948354
LMPP071	40	19.1146293	18.27142856	18.7670478	17.4050122	40	40	17.93016324	40	18.82790622	16.91751143	17.85629751	16.15876246	15.47748369	16.46437444	40	18.94471616	17.46670277	19.02486527	17.5818157	17.64841401	23.75504324	17.40896791	15.5609323
LMPP072	40	18.31664115	17.51282874	18.15065268	15.89637574	40	20.03854174	19.16552707	40	40	15.98308774	18.94161732	14.87742925	15.16147186	15.00480886	40	17.22729944	19.92802982	18.49413131	16.72170998	16.06854934	40	17.34100802	15.28129075
LMPP073	19.63084268	18.1919972	17.59070405	25.99897877	18.55961394	40	40	18.44169632	17.92746749	18.13769721	16.61931535	19.59662139	15.67145487	19.02464362	16.58272362	40	17.89405977	17.60325406	40	16.40995759	40	40	17.55271204	15.91685312
LMPP074	40	19.22334618	19.68496149	19.5526045	18.31598447	40	40	19.28762736	20.07983712	18.92734914	16.16737992	19.37463057	17.17088471	15.68898195	15.46354234	19.29759177	19.07521246	17.23136412	19.12263811	17.64859114	18.35249796	40	17.92270898	16.43923179
LMPP075	40	19.81221718	18.2873397	40	17.36528624	40	19.87806351	17.97334036	40	18.86997955	15.77019975	17.07208135	14.69325358	15.99194901	14.94948803	19.22086452	18.87821887	17.97992014	18.01609042	16.75511296	18.19473666	40	18.25263679	15.40343306
LMPP076	19.73000484	18.30252398	18.35159854	20.23580496	17.95375748	40	20.51925129	40	40	40	15.74490473	19.76688329	16.21047333	16.50186832	17.0250679	40	40	19.22552188	18.59798368	17.82089228	16.47559	19.28233238	18.78058295	16.11458798
LMPP077	40	19.27527796	40	18.66716423	16.5948684	40	19.81351121	17.20103112	20.11780273	19.20172805	16.37730211	18.61838895	15.79509939	16.30795476	16.09612367	19.38594242	40	17.84944185	18.15185571	18.35839265	19.2923681	18.94548314	17.51228449	16.60049029
LMPP078	19.66377447	17.96710341	17.9986772	18.49824226	17.07776202	40	19.18131741	18.98667614	40	19.87100384	16.06166635	19.12307912	15.26754805	16.77655893	15.76817772	40	18.28288784	17.45483893	17.5450117	17.21377458	16.73474576	19.3023803	16.97244615	13.79172675
LMPP079	40	17.71820713	40	19.01267458	16.75539058	40	40	17.65296057	40	40	17.9505742	17.98455641	16.17235781	16.35337154	15.75439344	18.70927972	19.29041173	18.95479616	19.51914538	16.8795831	16.78621114	40	19.9097613	14.86500377
LMPP080	18.90613267	19.27048764	19.13806255	40	16.80504676	40	40	40	40	18.82040086	16.9308291	19.580213	15.54492583	17.71881574	16.59476892	19.27712193	40	18.4721768	19.46140031	18.36254997	16.46331275	40	40	15.06820298
LMPP081	40	17.64081462	17.57049102	40	17.83135047	40	20.01177051	19.06817547	40	40	16.54003718	19.51687919	16.00737341	18.11436582	15.38148014	40	18.23631977	17.25432953	19.74785265	18.91346042	16.77985652	40	18.32549133	15.40508037
LMPP082	40	18.80396002	17.63101378	18.776862	17.02606837	40	21.00038549	19.35781293	40	18.77074149	16.47043139	18.61927374	15.29757731	16.85095992	16.493052	40	40	19.10608812	18.72699535	17.02074765	16.91007114	40	17.46550763	15.23929191
LMPP084	19.69750783	17.1526318	18.05592186	18.01112684	16.33219622	40	40	17.44029977	17.44912394	18.15862774	17.70784921	19.72373939	16.14769683	15.83252236	15.5698443	19.62739472	40	17.33193346	18.66885696	17.241854	16.98535978	19.22983288	17.14341525	14.59794124
LMPP085	40	18.00972059	40	18.27808992	17.43469287	40	20.23188303	19.34670329	20.41830784	18.3275351	15.67038841	18.43100959	16.00303571	16.73278593	15.45901186	40	17.54566796	17.27903654	18.82286074	17.51955542	16.82835706	17.57081832	17.52292941	15.49876252
LMPP086	18.78216905	17.23268677	17.86582292	20.21741905	17.50178593	40	40	40	40	18.79877991	15.73915104	16.97313522	14.70441165	16.6242387	15.80563139	19.32473839	17.57560072	19.53126648	17.66330265	16.76289575	17.77495906	40	18.29960504	13.53840093
LMPP087	19.77959798	40	17.31364846	19.9223488	16.38020019	40	21.64593936	19.21869278	40	19.48240495	16.80041967	20.06070581	15.47650139	17.39412017	15.82132093	19.42876979	40	17.50038239	18.95161887	18.40402794	18.5479554	20.35099818	18.97558482	16.3633587
LMPP088	21.31957323	18.8957952	16.39434981	18.79050717	17.09727915	40	40	19.14119408	24.81856524	18.44593857	16.58970605	19.00083982	15.24220827	16.76884762	15.66726662	19.25117243	19.02212968	16.53272185	19.56432928	16.72645056	17.14971944	40	19.6776921	16.29305631
LMPP089	40	19.40730701	17.47527182	19.57239792	16.76445159	40	19.86806534	40	40	40	16.04143614	17.85066192	16.18127672	17.9090469	16.74962052	40	18.91476794	18.40882869	18.11652473	17.63496935	17.88768854	40	17.47670092	17.1644552
LMPP090	20.79450119	18.13954445	19.21072047	20.76628491	17.19335292	40	40	19.29211998	40	40	16.23540125	18.31202797	17.92616048	17.6303576	15.43831451	40	40	18.4332488	18.8957198	18.81965428	18.02172998	18.46504756	19.86906525	15.42264376
LMPP091	40	18.46704628	17.99808469	20.03689933	18.40223064	40	19.80492179	16.60525078	18.97076367	40	15.94922101	17.41837569	15.53774844	15.79705964	16.49627085	40	18.32138877	17.7276217	20.97125122	17.41299188	17.62780277	40	18.41396266	15.32934718
LMPP092	40	18.3264801	18.43650299	18.71775858	17.24783044	40	40	18.18716541	40	17.7674179	16.16572702	17.7565205	15.33945663	16.38887989	15.48543198	40	17.00838509	16.81057459	17.80170123	16.6492836	17.65520436	18.98538317	17.86349171	15.4146496
LMPP093	18.87362745	19.12914692	18.63780433	40	16.99159227	40	40	40	40	18.87974984	17.32290808	17.73734885	17.95870955	40	15.75218607	40	18.15272966	19.47825064	19.02472254	16.38873173	17.44357047	40	20.4102058	15.47807584
LMPP094	18.39084907	18.18087039	17.20676555	19.61781347	15.55023556	40	25.42820472	17.65611106	21.39530701	17.02631456	16.17098723	18.10012884	14.76865323	15.841072	15.16132529	21.86337064	21.27863176	16.96330507	16.9849168	16.46275856	16.42638837	40	17.75973463	14.55855672
LMPP095	17.70065819	19.35213538	40	18.6384198	16.60524348	40	40	19.52385462	20.14300623	19.36689639	17.32326875	19.24548248	17.74674852	17.80710463	19.02134092	19.14567712	40	20.46489778	18.40319171	17.62374727	19.25925618	40	20.36905764	16.39494896
LMPP096	40	19.08773681	19.17611497	17.28196836	16.77874371	40	40	40	40	40	17.84844185	19.44424184	15.56552079	17.04626143	15.96138531	40	18.03800862	17.78303673	19.34432091	16.30299131	18.51814705	40	18.89946161	15.06953806
LMPP097	40	19.18723028	19.35178337	19.85994725	16.94491377	40	17.81124721	40	40	40	15.94995998	18.14329098	15.35107101	18.73978219	15.82829959	40	19.18474076	16.67205766	18.01069106	17.79892219	16.59359051	18.84892652	19.2167096	16.50466923
LMPP098	40	18.9449781	17.82195028	17.98135393	15.74254907	40	19.77376671	40	40	19.52532469	15.78721793	16.97636011	14.44272709	15.65176585	16.12923907	19.44401393	17.35099332	16.41502404	18.44024203	16.57686613	17.25057011	18.51645251	17.29577035	15.90085133
LMPP099	17.75817069	16.78916598	18.3931172	40	16.94811886	40	40	18.95196064	20.22501339	17.73728822	16.46352021	19.61395562	16.25777796	16.53010862	17.4126005	40	19.29061	18.78744622	18.33418544	16.94078094	16.56160657	40	17.02568002	15.79227696
LMPP100	21.87265527	17.63879448	16.92960042	23.07927417	17.15521329	40	40	18.0212371	17.52361793	20.21543565	17.41495977	17.43575791	15.69567777	16.4715495	16.67655831	26.17495162	19.06928162	17.67623664	16.76645505	16.87737074	16.67493971	40	17.65726133	15.052247
LMPP101	17.76439679	17.65214963	18.40577974	21.64087167	16.53427863	40	20.85516665	19.10862709	40	40	15.63707316	18.57460582	14.41850149	18.57230937	16.56691477	40	16.37488683	20.47396218	19.83578327	17.45268561	16.85524544	40	17.57842285	15.67557653
LMPP102	19.62802569	17.69518082	18.26837808	18.9254651	16.6525579	40	40	40	40	18.30879098	18.6770018	17.07657448	15.56642997	17.79833971	16.53805634	40	18.02748246	20.43481787	18.62478148	16.79133106	16.8205586	40	18.49930808	14.90507362
LMPP104	40	19.28053248	17.69748442	40	16.84257744	40	40	18.14980661	40	40	16.51337607	18.15142084	15.30121783	15.85883159	15.82998566	40	17.62288746	19.16595433	40	19.19811186	17.3685687	40	18.50601146	16.48105446
LMPP105	40	17.95475863	18.30396413	19.73381575	15.90737363	40	40	19.09101689	16.59363281	17.71207232	15.60465698	17.17524117	14.56970425	16.1981034	15.58376143	20.38378706	18.79669445	17.91501382	19.84612103	16.39994792	16.83673027	40	17.54448293	15.87170618
LMPP106	17.35991187	17.24808924	19.22359291	19.18535308	16.637485	40	40	19.01487694	20.12648506	16.94158144	16.94449886	16.49039038	15.73492943	14.1579909	15.95656906	40	19.64367348	17.27974804	17.28556049	15.89251122	16.14244627	40	18.16812996	14.89832445
LMPP107	40	40	18.270659	17.6560761	16.68345263	40	40	40	40	40	17.94171662	40	16.59531486	16.75564022	16.76969531	40	40	17.67082822	18.84307614	17.44578552	17.95364272	40	19.20119287	15.74030905
LMPP108	19.73286563	17.7195264	16.85445915	18.66995361	17.74877608	40	19.89052878	19.30841698	20.18472474	18.21361517	15.03020319	17.42733831	13.97030286	14.67023341	14.62648016	40	18.93357095	16.59448607	16.8166659	16.5644707	15.81363712	40	16.9075411	15.27488355
LMPP109	18.78022504	18.23053763	18.28967702	18.85695695	16.53872059	40	19.8794111	18.8929128	40	40	16.62667008	17.47871527	16.43116065	17.81980044	16.12594599	40	19.11329424	17.38715671	19.47238138	17.51193147	18.60847253	18.87186968	18.51768068	14.73761582
LMPP110	19.63890531	17.66330707	19.24420587	20.60163744	16.11150075	40	40	17.4496956	40	24.33877114	16.49563555	17.02197709	14.67443874	15.89742868	16.0859131	19.89370438	19.0403022	16.51182115	19.17194264	16.48206326	17.46499404	40	18.81572713	16.3448462
LMPP111	19.52723241	40	17.47540937	18.90688368	19.10156533	40	17.46354698	40	40	40	16.51488454	26.36887865	16.2008046	17.55895032	40	40	40	17.46052767	17.32741158	16.35871865	16.23666423	40	16.35264479	15.15693808
LMPP112	18.36860668	18.05865963	16.97449216	20.16588024	17.64064914	40	40	17.57993445	18.67066883	17.84718886	18.03400284	40	15.26216663	15.67116167	16.30464705	40	17.50091406	18.12691921	19.38976867	16.83784115	17.4787491	40	17.72453029	15.46965058
LMPP113	40	16.15673182	19.45562012	19.01873044	15.78763043	40	40	40	19.3616412	40	18.64134429	17.2768189	17.51485831	16.43083795	17.11456009	19.90748699	19.14156983	20.49761767	16.88267601	16.166178	16.19768559	18.90543182	17.89391131	13.83623359
LMPP114	18.61485938	17.4430202	19.14859908	20.11702709	17.38311295	40	40	18.87785399	18.53706955	19.31558872	17.393897	19.38357067	15.12026779	15.90538479	17.10819325	40	40	18.16468631	18.13024954	19.3932645	19.72625594	40	18.32671031	14.82826951
LMPP115	40	18.85590521	40	20.04382596	16.72684845	40	40	18.95725904	20.17893911	18.5935179	16.30145577	18.2424653	14.97255058	17.92372083	16.24364941	40	19.08794232	17.65596127	19.00181513	18.36544148	17.21714016	18.96449513	17.9953891	15.9834169
LMPP116	19.77551243	19.01980636	17.66597693	18.91872611	17.48610511	40	40	19.53249858	16.01306962	18.19281245	16.27337832	16.92543159	16.47890664	15.99902711	16.2127008	40	18.23726948	18.20434507	16.65471544	16.94163824	16.3347012	40	17.44114132	13.736151
LMPP117	40	18.03998576	17.35193232	19.04796727	17.2373185	40	40	19.7266272	40	40	15.8671762	19.82754268	14.78250664	16.25600137	16.99649341	40	18.84364129	16.72401843	18.8073465	19.22075468	17.17590747	40	17.54719068	15.76402382
LMPP118	19.97066429	40	19.44717634	40	17.736233	40	19.44786465	19.3579891	40	18.84984668	16.17783688	40	14.98984768	16.65078766	15.75587543	40	17.49165256	18.2413544	18.481098	18.01268575	17.63727126	40	17.8415859	15.8564586
LMPP119	19.52529897	18.12992057	19.4305457	25.29963629	17.34126266	40	40	19.07384354	40	17.71520918	15.72292802	18.3482615	14.9439531	15.81324858	16.38496542	40	18.19982277	17.80587878	18.65804117	17.10158026	17.79702409	19.44335271	17.66280471	15.43293152
LMPP120	40	17.46108157	17.7180446	40	16.19882708	40	40	18.2707799	19.33281952	18.22422621	15.2954291	17.29284556	15.41739266	16.01344527	16.30829137	40	18.13124997	17.1275457	17.62795653	16.25647384	16.44261184	40	17.28548491	15.70523137
LMPP121	19.6103159	19.20114356	40	22.02596745	17.00740434	40	19.18740522	19.91406432	40	40	15.9945468	18.45519241	15.7246135	16.69213962	16.15519751	19.8253643	21.94691403	16.94999911	21.88409986	20.23855728	16.73430781	40	19.59308119	15.82391183
LMPP122	40	40	19.23204961	19.26056807	17.14104964	40	18.68874998	18.6623527	40	40	16.0122717	40	15.64024799	16.48551788	16.40665208	40	40	18.0250896	18.24230877	17.54484412	17.65887093	19.27305862	18.98369362	15.27957472
LMPP123	40	18.25523561	19.21555387	17.88821406	16.23789555	40	40	40	20.29493881	21.07231015	15.49605123	16.84266692	15.46423143	15.6488329	17.29249859	40	19.02934077	17.37615372	17.45508281	17.98198733	16.7758654	40	17.47748037	14.3852817
LMPP124	40	19.34772132	19.20082299	40	16.28690225	40	40	40	40	40	17.59743655	18.29836542	15.88180654	15.68863951	16.31231942	40	40	17.94751789	20.6264139	16.33051891	16.62455685	40	18.93119663	16.82392182