Abl1	Eif2b1	Erg	Eto2	Fli1	Gata1	Gata2	Gfi1	Gfi1b	hHex	Kit	Ldb1	Lmo2	Lyl1	Meis1	Mitf	Mrpl19	Nfe2	Polr2a	PU.1	Runx1	SCL	Tel	Ubc
PreMegE001	40	19.26998491	40	20.7500492	19.30846827	40	18.0686441	40	16.16031052	40	15.42632964	16.92671149	18.28757721	15.93615373	19.3489821	40	18.12711141	16.16326717	19.00012075	20.00947759	19.29368971	18.32337678	20.03801404	15.10845797
PreMegE002	24.15335763	20.18628598	19.6148592	18.70519776	18.53373914	18.80807599	18.08889597	40	18.35925311	21.6173482	16.40835057	18.91369883	17.52713769	40	15.56124896	40	40	16.93063308	19.26065534	18.50767804	18.55396703	26.79502041	18.48614689	14.5951418
PreMegE003	19.49277518	19.05701004	40	18.11693841	17.70251209	40	16.2531578	40	40	20.1391914	15.23993128	17.46682357	19.53623972	40	17.96547111	40	18.76542136	16.38737364	19.44023824	20.03223514	17.54723661	19.31715903	18.53480877	16.46201826
PreMegE004	40	19.69470328	40	19.83234531	16.62199424	40	17.49492393	40	18.43470149	40	16.76389411	40	16.54717244	40	18.30088611	40	40	18.52352305	21.01706603	40	19.78832772	18.13286625	18.12366129	16.62899411
PreMegE005	40	19.39117498	19.71156899	20.40084544	18.61305622	18.70460658	17.7644086	40	17.93888587	40	16.51774617	18.60236533	17.40018098	19.158692	16.92107898	40	20.4848849	18.17491919	19.09835858	40	19.311455	40	19.30006474	16.70134659
PreMegE006	40	19.49922494	18.78599522	19.73475036	17.78798149	40	19.11775227	40	20.34281849	19.4666647	16.62466684	18.02794733	17.98273739	16.2514497	18.00897985	40	40	16.94758183	19.70775288	40	17.62376895	19.76671515	20.95984614	15.97581548
PreMegE007	40	18.39207054	40	19.42360928	18.06275542	40	17.8980899	40	17.70380281	40	16.0544664	18.64144108	18.43852034	40	18.34628533	40	17.19661944	16.66936633	22.04803137	20.18588901	16.71998453	20.54959213	18.91839083	15.79930612
PreMegE008	40	18.23630704	18.48779648	17.59747827	17.79302705	18.69926587	17.63776225	40	18.81212766	19.46398528	16.51996694	17.88343395	16.43686273	16.29640833	15.336874	40	18.27095028	15.90060271	18.46402159	18.58651849	18.95322464	19.28405935	19.39334063	16.53175087
PreMegE009	20.02671216	19.28613421	40	18.81151545	18.38013752	19.52869943	19.90649385	40	17.48811733	17.26785469	15.98561261	18.24415008	17.23163065	17.24721221	16.67471896	40	40	16.51346159	21.65098345	19.72263493	17.71258954	19.39340617	18.99116219	16.53219859
PreMegE010	40	19.76868168	40	18.3375965	18.35530424	40	19.34062722	40	18.34000053	18.79906859	14.97065807	17.21160008	40	40	17.23623752	19.216353	20.35554367	17.94347869	19.69644452	18.61415888	17.01016438	16.91517734	19.81592073	15.62948103
PreMegE011	19.89728171	19.84376388	18.17272155	17.7955454	16.97099148	40	17.43359507	40	16.25139752	40	16.10590757	16.32813517	16.14089947	40	19.27527876	40	19.25163426	17.47691828	22.47390361	18.36305004	18.69596558	18.3280175	19.93066353	16.38042545
PreMegE012	40	18.45709679	40	17.04162568	16.0678086	19.9166489	17.86429345	40	40	40	17.28981145	17.92949682	16.79315618	40	14.83906261	40	18.14054148	16.67037969	40	20.50459977	16.55986813	18.47170883	19.39152572	15.81880572
PreMegE013	40	40	40	18.45699852	18.44219979	19.95770644	18.20980718	40	16.8279312	18.31324704	16.35968607	18.65075932	16.67919959	15.87257716	18.13445138	40	19.12063607	15.88008567	21.39093222	18.53965543	18.5344793	17.01102117	20.05557391	16.0989007
PreMegE014	40	19.49360305	19.52684132	18.57070205	16.39526183	19.87255496	19.48682872	40	17.55227568	19.72545211	15.51557708	19.67513748	15.80183911	17.95824918	15.88116977	40	17.20029368	16.67435578	18.18460508	17.94892329	17.82984029	21.78555461	18.11346157	15.1803986
PreMegE015	40	19.67149331	20.44951299	18.85276261	16.8228821	19.73777298	18.60780218	40	17.79945661	40	16.30374059	16.48183767	17.40622273	17.3613849	17.55600345	40	18.09786835	16.85255213	18.89947301	18.80617668	17.81590384	23.60208054	19.93150977	16.735049
PreMegE016	40	19.60038654	40	20.45750039	19.30359216	40	16.22973025	40	19.12548782	40	16.74716835	18.73319346	23.31429346	18.65804263	20.20691347	40	40	16.25960562	20.84327955	19.71089047	17.50827627	40	19.15976749	15.08805313
PreMegE017	40	19.47350932	21.07404492	20.25534992	17.34706636	19.86318443	17.21230636	40	17.87835542	40	15.87884188	17.0455902	23.65474325	18.85984561	40	40	17.58296992	16.67608465	20.07389283	19.51433711	17.16838637	40	19.72904337	15.30826953
PreMegE018	40	18.59187359	40	19.34500031	18.55158065	19.71353822	18.42273063	40	17.53273152	40	16.31291033	40	25.23863406	40	17.71817153	40	19.40848824	16.58307565	21.23637901	20.28755279	17.72364247	19.12623414	19.37617669	16.42029222
PreMegE019	40	40	40	18.19223845	17.56800907	40	17.63112946	40	18.58290061	40	16.23894835	17.62923203	17.3123543	17.73530322	16.82907575	40	19.05064064	16.69744344	20.81253614	40	16.90320646	18.59125685	19.98963482	15.80586866
PreMegE020	19.78943807	18.02465067	40	18.37094164	18.22350684	19.67455142	18.30674562	40	17.81630506	17.74155754	14.74253641	17.93826815	17.26161074	16.14759051	40	40	16.79911684	17.60435356	18.46395607	40	16.86013377	17.56549472	19.31040445	14.98601472
PreMegE021	19.59459783	17.73760327	40	18.34378438	14.99967243	19.62037157	16.82308121	40	17.37288835	40	17.06719553	17.04406783	16.27421328	40	15.64262261	40	17.99491776	17.26789793	17.88618198	20.17790061	15.91403887	16.96413694	18.87411882	15.23194524
PreMegE022	19.21162738	17.59936738	18.70386689	18.25823331	16.4016431	19.9004209	17.81182644	40	40	18.65638176	15.92872187	18.22788627	16.27930194	18.84698144	16.1538108	19.24740377	19.30302136	16.18068026	18.73882579	20.20715475	17.07515454	17.83643253	19.90554463	14.10232855
PreMegE023	40	17.74780398	19.05667907	19.14470163	15.03167315	19.82378775	18.52374413	40	40	19.57237458	15.38736565	40	15.63818872	16.62026637	14.68179207	40	17.75504112	15.69839384	18.52175728	20.12131525	16.35445066	19.01673257	17.15262141	13.77131959
PreMegE024	40	19.42488999	40	17.86512921	17.51842804	40	17.49246968	40	19.50317247	18.1165407	16.39028723	40	17.5143068	16.63155073	19.48432782	40	40	16.82665958	19.83996076	19.14353217	17.50751413	19.28371329	20.18667075	16.04635629
PreMegE025	19.84521346	17.38650148	17.55140133	18.48211589	16.32603193	19.77960245	17.95566785	40	19.55853458	16.41694222	14.99103976	15.95626292	15.30772133	17.76376812	16.11529005	40	19.35894801	15.55198541	17.67025029	18.29710218	15.8074572	17.44823858	17.89375605	15.0347824
PreMegE026	40	18.4351115	40	19.36682736	17.78039666	18.95184847	20.73849486	40	15.88927402	40	15.64726538	20.57674464	16.5289785	17.72010109	18.04274893	40	19.29664823	16.50118939	19.52146361	21.02374989	19.43224544	40	20.92115167	16.20698159
PreMegE027	40	19.31631301	19.4697292	18.89422792	16.78796653	19.81760639	16.12551519	40	40	40	15.49245736	17.76024807	16.85108515	17.82441257	17.11369659	40	19.29161702	16.80236439	18.74618485	18.61853243	18.32586461	40	19.55024572	16.48316799
PreMegE028	19.96785815	19.2291283	40	17.95587576	16.90326625	40	18.39195968	40	18.79795548	17.36690441	15.3880835	17.97547341	16.78130888	16.87931089	15.89621484	40	19.26659774	17.39451343	20.15148771	19.10977293	16.76923111	19.63945566	19.04610392	15.46517525
PreMegE029	19.84902929	18.3558126	21.43752963	19.10453755	17.73991485	40	19.91628554	40	18.21013436	19.40864307	16.37339054	17.87472433	17.61191027	19.0729389	18.367795	40	18.25308619	16.9209557	40	40	18.40386724	40	20.98309618	16.27675613
PreMegE030	18.75053269	17.11416836	40	17.81907623	15.14933655	40	40	40	19.38660065	40	16.64889091	40	15.37191799	40	14.7898433	40	17.57228825	15.99627408	19.25561558	19.22020767	17.0176936	17.71797385	40	14.33038125
PreMegE031	40	18.39282662	40	17.96236409	18.43199037	40	17.35941324	40	18.54256126	40	15.92282004	17.91364183	16.06771308	19.21699661	17.49126406	40	17.61046296	16.63229309	20.3402777	18.98998996	16.84940572	40	19.93992344	15.94089427
PreMegE032	40	19.24317888	40	19.16985444	17.62434603	40	17.18867603	40	16.17529023	40	16.03196833	17.16024011	17.10069018	15.32537636	18.20072461	40	19.17530768	16.4244768	20.72167073	20.29953322	17.90653251	40	18.97766513	15.36783101
PreMegE033	19.56683257	17.26733899	17.44883136	18.5548438	15.02385374	40	17.04549447	40	17.35266602	17.90580983	16.19077512	18.74046554	16.59835884	40	15.46738315	40	40	15.96572664	19.14174789	19.15252392	16.27891682	18.84348965	18.2998153	15.60395792
PreMegE034	40	19.3308931	40	18.57317753	18.53646342	40	18.78013781	40	16.08521818	18.40474859	15.30377851	16.89899431	24.1128005	17.93148973	18.62425792	40	18.27922947	16.48434635	21.43557642	20.25888396	17.27929489	17.51963431	20.82532103	15.12103724
PreMegE035	40	40	18.25550952	18.30743345	18.49122452	19.88743033	17.35391817	40	19.58870034	18.91869565	16.41071999	19.59095428	16.49651104	40	17.25556953	40	17.39438641	16.93038602	21.74051457	19.28907648	19.92974063	19.20851797	18.61751625	16.90472025
PreMegE036	40	17.82903131	18.71176211	19.57443172	14.8036658	19.88587095	20.08643442	40	20.58307715	40	16.86045815	20.10877425	16.45188429	40	14.88625686	40	16.95419229	18.4657249	21.14243957	21.03844113	17.22638483	18.25788729	19.603224	15.65792589
PreMegE037	40	19.31483938	18.77309437	17.77609594	15.86058264	40	17.25289296	40	19.54769966	20.96772042	16.37636046	18.55865253	16.60673652	18.02825476	16.05087764	40	40	16.71009751	19.35332128	18.20052379	16.76317331	19.39692163	18.79908645	15.86367964
PreMegE038	40	19.16997434	18.56148656	17.19410412	16.89848313	40	18.92004607	40	20.31032279	40	17.02047956	19.60261549	16.88482363	17.29870207	15.40851215	40	19.1909343	17.00424454	18.59374698	18.5569307	19.50442383	18.31269804	40	15.68467814
PreMegE039	40	18.77589808	40	18.82953535	18.32669381	21.30825199	16.49324671	40	18.00587032	17.9429732	15.94134706	18.33810194	18.07311751	18.87186988	17.49531326	40	18.85789711	16.76335488	40	40	18.41872587	18.25903866	19.21808932	15.24925208
PreMegE040	40	19.32698704	40	18.97818668	18.33962425	19.78044084	17.76496094	40	17.83521836	40	18.1014074	40	18.21659419	17.48503265	15.10043703	40	19.2150398	16.56464296	40	19.18059595	17.4332266	18.4750859	18.3993621	15.9222725
PreMegE041	40	40	18.54889671	19.98261117	40	17.44085193	16.63438058	40	18.30055515	17.85354727	16.07835539	16.52044901	16.68703399	18.94577362	18.6502131	40	19.12543278	16.31419223	19.9658735	19.91499876	18.03049699	19.33570152	19.54063709	15.11775723
PreMegE042	40	18.38611726	40	17.93628375	18.50354994	40	17.32374266	40	17.11742655	17.73541005	15.85292578	18.80816842	16.01983124	17.25819458	19.24301896	40	18.0694724	16.98148306	17.97270777	40	16.94726569	18.28999969	19.47241754	15.58878651
PreMegE043	40	19.21127269	18.57373015	17.30034753	16.30503002	18.74097981	16.81991187	40	18.40394862	40	17.25838862	19.68304833	16.46234888	16.37667067	15.75203509	40	40	16.30475245	20.36982652	19.46098226	17.06705656	40	18.89962282	15.65649793
PreMegE044	19.72451363	19.27370791	19.42927519	18.66634709	19.30006449	40	17.82832809	40	18.82606614	18.33666511	15.923751	17.1621019	40	20.87508179	16.50324153	40	18.11556316	17.9901682	19.30087866	19.8888027	18.22133078	17.58346001	40	15.87798391
PreMegE045	40	17.20041145	40	17.55618622	19.25326271	18.77809979	17.47256297	40	16.84260931	22.81996321	16.36037048	16.98744188	16.84856607	18.58202524	15.54825284	40	18.99471253	17.15051084	18.36644012	20.75313657	17.46033737	19.89200953	18.92002571	15.89490417
PreMegE046	40	17.65203852	17.60293187	19.21627419	17.45979921	18.54625669	15.3612283	40	18.02062186	16.19685413	14.14198665	16.4737986	15.06454193	16.48936296	15.53123881	40	40	15.8783619	16.90234955	17.8498344	15.24182715	16.92740475	16.86748336	14.52006642
PreMegE047	40	17.56403557	19.4015311	19.00730592	16.93943059	19.67402641	17.87026895	40	18.24930586	18.63212528	15.93725195	18.22910219	18.02042116	17.62807346	16.81384273	40	19.01109703	17.12906451	17.69073703	19.63257839	16.81791476	16.91927406	17.72688642	15.70693238
PreMegE048	40	18.30023222	40	17.19787013	16.74895912	18.78843476	17.35831175	40	17.26463435	40	15.51811014	18.41187858	15.90649206	17.14680298	16.59177539	40	17.48659749	15.83736651	19.06049914	20.07163746	16.72805985	17.87178518	18.7036278	15.61919459
PreMegE049	19.670786	18.11854171	19.49465154	40	15.92529485	19.42354885	16.33568532	40	19.92167967	18.42189259	15.57021074	18.41660799	15.9333082	40	16.36813456	40	19.22771138	16.46447386	18.75851431	18.97726701	16.20229238	40	18.21558973	14.05527867
PreMegE050	40	17.65326143	40	18.57561695	16.93959493	19.6080509	18.9925804	40	20.74341324	18.28969931	16.60674371	18.33714214	16.53511243	40	16.45864092	40	17.93679074	17.45337113	18.67415289	19.71308002	16.66270482	18.97038676	18.53046362	15.46914927
PreMegE051	40	26.00858592	40	17.4548414	18.37886912	19.82062388	17.39310229	40	17.96673106	19.15694786	16.3124571	17.08284464	18.40593884	24.86807955	16.31379135	40	25.7308479	16.75086169	19.08913044	20.3692941	17.79642939	24.7731227	18.44146754	18.71016351
PreMegE052	19.49909972	17.57073432	40	17.41418566	16.86566736	18.40961855	15.9822319	40	15.64978289	18.56106526	15.80012625	17.10314875	18.23999698	18.97560793	17.1624154	40	17.87252198	16.71394638	19.52079409	40	17.50819232	18.31827731	19.96754989	15.69184459
PreMegE053	19.65129478	18.12474482	19.28687555	18.16377565	16.38420455	40	18.03845448	40	18.08741261	40	14.91012826	19.82893828	17.52205009	16.95288766	16.02318864	40	19.01563055	16.76737864	18.55877081	18.66713638	16.32441282	19.24018457	19.5574708	14.7624817
PreMegE054	40	40	40	21.20212524	20.02384944	40	17.6154517	40	40	18.52152732	16.22506799	17.18141105	17.1061707	17.71656681	17.55910991	40	40	17.17264897	40	21.31476546	17.7674044	40	19.40363246	14.90597026
PreMegE055	19.39302602	18.34805139	18.58680841	19.19413065	17.68513856	20.13488158	16.89696571	40	20.29923119	40	15.77731029	18.82109847	18.34412903	18.53806926	16.36674067	19.31491179	40	16.96416199	19.70033332	20.16738128	17.01914568	40	19.34027156	16.22747008
PreMegE056	19.88670706	17.22542514	18.63183851	17.0813951	16.51665824	18.41424031	15.58762861	40	19.34138939	40	15.47753788	16.42473783	15.78931938	17.07957818	15.69073946	40	40	18.52041685	17.52910562	40	18.46289668	19.09817354	17.96556048	14.48178389
PreMegE057	40	18.46828656	40	19.01849002	17.02911251	19.26867432	16.9580349	40	17.41775481	18.47500649	16.12835276	17.00338225	16.71305153	16.25945691	16.94008731	40	17.90119399	16.48192719	40	40	18.19592121	16.76109198	19.64315928	17.20910212
PreMegE058	19.25570826	19.27975978	40	40	17.47479904	40	17.79060443	40	17.96473423	40	17.00432322	19.17093513	16.182261	18.36991074	17.82358359	40	40	17.30389884	19.98669546	18.63900128	17.64510758	17.79703439	19.10828953	16.26057681
PreMegE059	40	40	18.23845937	18.95251334	19.13190623	40	17.17740094	40	16.90863398	40	15.55926641	18.54748166	17.09423917	16.62751973	16.07594423	40	17.75292993	17.36725817	40	18.60393821	17.56416688	21.51100469	19.40938813	16.05540878
PreMegE060	40	17.6480461	40	19.99390689	40	17.35513845	19.71320853	40	16.41436085	18.60848504	16.40420069	18.58609101	16.39220295	17.11437995	18.92686906	40	16.96191389	17.21084729	20.46079251	18.83683581	17.61529445	17.46100612	19.94991563	14.93654332
PreMegE061	19.76389825	18.24467647	19.35581645	17.668583	17.58961603	40	18.00467262	40	17.3500774	18.66017547	16.08675716	18.85213022	16.43223391	17.84155098	17.97838156	40	17.95368115	16.29348254	40	20.62648572	19.29672513	18.93827421	19.55757728	15.76090671
PreMegE062	19.46734445	19.36328236	19.34716958	18.17731397	18.48567909	19.72183229	17.13533523	40	17.26083116	19.12892358	15.33998334	16.32977633	16.46325077	16.46211689	17.56077169	40	40	17.36338325	19.08661379	40	17.77504239	19.30694131	40	15.9975263
PreMegE063	40	17.73790604	40	19.49518274	17.10842863	40	17.45528242	40	17.50220657	40	15.25537578	40	15.60239426	16.83997538	15.36549505	18.65541149	18.75709389	15.9572073	17.89694209	18.25054229	17.07623715	16.11054655	17.47703625	15.67338969
PreMegE064	40	18.89698792	40	19.10978021	16.69538826	19.57937323	17.1701682	40	20.09017546	40	15.28556142	19.21340878	18.09470204	18.6669477	15.01939524	40	40	17.01070094	17.44140281	18.70057001	16.84211199	18.82387279	17.37706148	15.22221982
PreMegE065	19.53257874	18.03537748	19.26692778	17.25998504	17.19151112	19.84485381	16.1362773	40	16.95434291	40	15.95164142	19.65259398	16.78073031	18.74829828	17.41269255	40	17.94820727	16.65815412	18.48162332	19.98056719	17.22581588	17.81475784	18.78724361	16.34618744
PreMegE066	19.79616224	40	40	18.0457704	18.35373325	18.05379106	17.39667616	40	40	19.39260842	15.72783175	18.36114429	16.69591879	18.47487057	17.41728503	40	17.93823536	17.12704321	20.69460276	18.40986341	17.7830825	18.75138404	20.43306196	15.89841715
PreMegE067	40	40	40	17.28874376	18.20134411	19.63748647	16.96849203	40	16.62649804	18.93759276	16.39293121	19.34199737	16.11001866	40	18.98710374	40	18.81818806	16.61630954	18.49540161	19.41025215	17.45979805	18.91249936	19.13789213	16.51208547
PreMegE068	40	40	40	18.49490278	17.5005431	20.34990709	22.19809249	40	17.04294948	40	15.87043627	17.3052581	17.22545368	16.97764752	16.77565803	40	18.84903254	17.28554799	17.36475325	20.24475983	16.38162407	18.58200734	20.39856125	15.50278495
PreMegE069	40	18.77130652	40	17.5608083	16.93781087	17.80991689	16.55373288	40	18.84833984	19.06825132	15.79275078	18.44170761	16.49337636	17.46700919	15.82727135	40	40	16.40501911	17.77441139	18.10781193	16.39341722	18.70706521	20.32968927	16.56479313
PreMegE070	18.63462189	18.17602477	40	18.32170613	18.17260682	40	17.07898417	40	18.19268953	40	14.96198117	18.33937086	17.99098913	19.49237543	16.30902623	40	17.98189585	16.11857051	20.34518196	18.30818627	17.78141171	18.93368035	19.33209437	13.96031874
PreMegE071	19.49474061	19.07998247	19.15052861	18.66348312	40	40	17.09180408	40	17.16773193	19.58140616	16.15973949	18.69548953	17.29459854	18.61605743	16.93954406	40	18.98029562	17.63256751	18.83482342	17.95796456	18.07770533	18.79839819	18.2599628	15.60785856
PreMegE072	40	17.58428244	40	19.50957798	17.0546452	18.03374697	16.9884399	40	16.81784293	19.49132272	16.91878846	17.15168842	18.51441851	17.11666967	18.83355358	40	18.01741212	17.38483876	19.29795113	20.63368794	19.09329313	19.45899814	20.82823236	16.49350531
PreMegE073	20.21645122	17.88687908	40	18.8856896	17.72286869	18.15665103	17.0656587	40	16.50990643	40	14.93115513	18.28755098	19.17321646	16.11465033	40	40	16.89332053	16.52676023	20.83083088	21.96531841	40	18.48950262	20.61440976	15.8575914
PreMegE074	40	17.57406572	40	19.76917995	18.24526111	22.90275677	17.25546012	40	16.46153081	40	16.26690787	16.4720611	16.13792029	18.63265223	26.29962316	40	17.98838522	16.77275588	19.68524498	40	17.72371216	18.54176695	40	15.98131648
PreMegE075	40	18.0725434	40	18.47148969	17.60925162	19.43086307	17.0000232	40	20.23493766	17.40055243	17.85953544	19.36174874	16.00459193	18.55198334	16.50320505	40	18.82933853	16.09585363	17.88816774	19.75400403	40	17.3095251	40	19.30619443
PreMegE076	40	17.66801888	40	17.98379995	17.49696615	17.99447018	17.85758536	40	19.19048652	18.29853714	16.30653906	17.49889731	16.65152011	18.27023682	16.42602394	40	18.16114438	16.50844279	18.19257518	18.63138514	16.54142365	18.37681978	18.18896376	14.9641023
PreMegE077	40	18.13700484	19.34446854	18.20048242	18.2366165	40	17.38705215	40	17.42735955	18.9703631	15.58591705	17.61835031	16.70830633	18.07064681	15.4839395	40	18.83765043	16.72886585	20.522926	20.75340999	16.54797305	18.0761199	19.3890603	15.30387335
PreMegE078	40	18.54223821	40	19.26821083	15.83516179	19.28895665	19.44230548	40	40	17.60734108	15.60512828	20.89340172	15.96975163	40	14.66304067	40	40	17.36257525	18.59080652	23.95744158	17.22691089	23.29483563	17.97663518	15.73611933
PreMegE079	40	19.10579015	19.35140151	26.66463776	18.22936011	25.92021435	18.14510187	40	16.75279012	19.50094123	16.18267126	40	15.06633873	18.69491563	18.26709246	40	40	17.16598351	19.84641347	18.34809757	16.82139128	18.18680793	19.29710554	15.2821079
PreMegE080	24.33790035	19.17065276	23.96396636	19.81933469	20.61877211	22.92151823	17.1672625	40	17.96878649	22.88239201	16.61051664	17.85364721	17.92444376	19.09260378	16.35868303	40	18.05327798	17.14027597	18.97678671	20.10183759	16.85379483	18.91123657	18.28147004	16.21206374
PreMegE081	40	19.22381599	19.67643365	19.25962112	17.5148065	40	16.84887307	40	18.1684047	40	15.347093	18.62682764	21.6580892	40	16.75063605	40	19.5721497	16.50536467	19.75504463	20.37595324	16.86981639	20.10413748	20.76412447	16.48592941
PreMegE082	19.56944508	17.61352175	40	18.97857518	18.37918165	18.4701184	24.71540873	40	19.20369274	40	15.52772574	18.94916958	18.01436442	17.26531093	16.70711937	40	18.11298378	16.37065616	19.02196473	20.04069866	17.35952715	20.0153253	18.07590143	16.12867311
PreMegE083	40	17.9355064	18.59409611	20.49200862	17.36083335	40	16.3738327	40	18.00381848	40	16.8704201	17.20337096	16.82200982	18.9741058	17.77748087	40	19.01680702	17.1112685	18.67904943	40	16.81426766	17.630231	19.67320629	15.27097854
PreMegE084	19.8105688	17.27863454	22.59736784	19.05933089	17.25288437	19.38632395	17.45281948	40	16.05118681	40	15.47912714	18.5680003	18.11211384	18.99595536	40	40	16.59115111	17.36364117	17.81064159	40	16.63438778	16.99891378	18.44044423	15.79347342
PreMegE085	40	17.72170112	40	17.92396954	16.14625888	40	17.5553125	40	20.62517108	18.34795691	15.83677057	18.70328756	15.70701322	40	15.8546289	40	40	17.79784627	20.12863737	18.12438833	16.67584442	17.43269161	17.6144424	19.65336055
PreMegE086	40	17.86351824	18.68462935	20.71429247	18.01592143	19.693395	19.01931445	40	19.43384282	19.47348133	18.3774345	18.0388208	17.03152187	17.85085485	17.01349988	40	19.00759929	16.66333599	18.80506734	20.00971972	40	19.62781455	40	17.34055798
PreMegE087	40	17.71580549	19.7988169	18.62323848	18.58686031	20.17096054	19.02981184	40	18.67265743	18.24639729	16.1189476	20.1750213	16.86263771	17.81128671	16.14081587	40	40	16.37601567	18.78930282	18.95263862	16.99074226	25.62298101	20.08674983	15.5132301
PreMegE088	40	18.33558306	40	20.85813323	19.37903903	40	17.83638172	40	17.04600546	18.86847434	14.99503798	17.62321442	15.26830731	17.84908592	17.09868945	40	18.0294154	17.33714771	18.26659615	19.78229175	25.14543086	17.99418013	18.5247027	16.2489634
PreMegE090	19.65792598	19.45280159	25.38007515	17.73663717	17.54998583	18.87969758	16.73864079	40	18.0944503	40	16.61282146	17.86960218	16.97811381	16.26888186	17.84098674	40	17.81277403	17.5006033	19.11547288	25.62638951	16.67652343	19.20180315	19.70975031	16.09433334
PreMegE091	40	19.48651402	26.38530473	17.77201274	19.46759582	23.38012257	17.64750915	40	40	40	16.75214414	18.00655795	18.60334653	20.19149243	16.90271861	40	18.10151391	18.1347901	40	40	40	19.47133374	18.76981335	16.95416386
PreMegE092	19.84296114	19.02448371	40	19.25301678	17.77765289	19.81557219	17.75638348	40	16.65027861	24.44032465	16.27556448	18.93762388	15.52468325	17.94797368	17.26400474	40	19.04494311	17.7365137	19.83883945	40	17.43613305	19.47470982	19.6667219	15.89693781
PreMegE093	19.98412609	19.47072687	19.62954516	19.4193164	18.37365836	19.32203408	17.5943163	40	17.87601461	40	16.44659129	40	16.88982033	16.95705546	19.2149118	40	19.26271684	16.81534059	20.7784884	19.99084063	17.40247777	18.40632762	20.69482378	17.06123029
PreMegE094	40	40	18.14178457	18.81070091	18.01764118	20.39079574	17.66073591	40	18.03689941	40	16.6249074	20.17680408	15.75926113	18.72639433	16.131249	40	19.20421788	16.5005131	18.40412324	19.08551253	17.85759955	19.28799041	19.14685841	15.63542283
PreMegE095	40	18.40836011	40	19.47115116	18.68770049	19.29721184	17.74884152	40	17.47422418	21.44199308	16.29220626	18.55009601	17.52053112	17.4840386	18.41334563	40	19.04023589	17.23866231	22.12020705	18.96831994	17.32269144	19.01811918	20.51846496	16.32779041
PreMegE096	40	17.80709	40	18.5042879	19.37863646	40	20.34845742	40	16.89272247	40	17.3725767	18.67982784	17.89666973	16.81650825	40	40	18.07918559	19.09704831	21.27597737	20.13491531	18.87891616	18.49485132	40	15.71303775
PreMegE097	18.12077458	17.30397962	19.45928972	17.15727984	18.05242067	18.7517256	16.90592712	40	16.54935994	40	15.3499997	17.76309945	15.48061496	16.60082709	18.37477818	40	17.13461462	16.69828435	19.51155916	18.74140966	19.18114066	17.82264988	18.323174	14.67200188
PreMegE098	40	40	19.6205343	19.91010654	18.57435223	40	18.92508868	40	17.38984201	40	16.52013566	19.75812029	16.65584797	17.17448669	16.24780146	40	40	17.04999672	20.79907067	19.63050337	16.88367511	40	40	17.07960987
PreMegE099	40	18.38451673	19.58865227	18.28813234	17.13832128	18.71914469	40	40	18.8201863	17.76918817	15.6031484	18.42691924	16.7513583	16.91628021	16.2419648	40	40	17.21104	19.28477917	40	17.30602935	19.50118195	19.59136845	16.77033429
PreMegE100	18.76026427	18.21174501	19.54459817	19.17922055	17.85710042	19.68036252	16.72949059	40	18.43143447	18.63587045	15.88872698	17.32800856	17.35217485	17.86824968	17.63527931	40	17.721572	18.00403949	19.30654959	20.07682433	19.32421648	17.32115034	19.69265148	16.09884177
PreMegE101	18.69222235	17.76896332	40	19.4851699	19.32306557	19.76462948	17.07415398	40	17.20976646	40	16.56516526	16.66345831	16.0629125	40	17.00821712	40	18.08467574	17.98682437	19.04335331	20.67579138	18.23181072	17.34369015	20.63886485	16.73034342
PreMegE102	19.80272347	18.64254831	19.38732607	18.64994183	15.24571085	40	17.61353563	40	18.02453061	40	17.82733322	19.30301346	16.19582051	17.37446436	14.74163445	40	18.04336617	16.69471411	18.88124533	18.05091448	17.03221485	16.89526319	18.17316299	15.38331161
PreMegE103	19.59334131	19.78308252	40	17.67260896	17.27493125	19.86133062	17.91466446	40	16.13056605	20.378177	16.70349497	16.67804991	16.34116457	17.43731818	19.29609759	40	18.0801863	16.34945413	18.68618762	19.76610728	17.76599605	17.5146855	40	16.45160982
PreMegE104	40	19.23565832	40	19.22654885	17.72136638	18.18789266	18.61461228	40	19.66673893	40	16.0635879	17.63910728	16.44724246	16.65044892	16.98530282	40	18.21011972	16.97731421	20.61233657	19.06650303	18.37454487	18.252913	20.03543055	16.93077571
PreMegE105	40	16.82382218	40	18.59206659	40	17.20200033	17.81909111	40	16.71326365	40	16.19224244	17.20364371	15.65571459	16.71039901	40	40	19.79228969	17.31027331	18.92222908	40	17.57227536	18.59211746	20.53111704	15.54394255
PreMegE106	40	40	40	17.71693211	16.8748347	40	18.51250141	40	18.50342037	17.74359063	15.87351931	19.84043635	17.2696091	18.67778974	16.74574212	40	19.58045638	16.77899898	20.02050113	20.33605346	18.3776303	20.45828674	20.33533798	15.82892082
PreMegE107	19.71513567	19.46388873	20.85817767	21.41158713	18.49817475	40	40	40	19.37704976	40	17.4514428	19.80694541	17.04969404	18.95612128	16.91911177	40	40	18.49220225	21.32430363	40	17.35659226	17.06290417	19.40566123	16.91821375
PreMegE108	40	18.50895395	20.94781753	18.17604313	17.80320297	19.5024613	17.27282844	40	17.49455118	40	16.03737331	19.88212648	15.83674339	18.78069988	15.44833824	40	17.52616909	16.24765412	17.81819281	20.27850186	17.64822842	18.39459905	17.82917212	15.8240142
PreMegE109	40	17.71044002	19.59526969	18.80473166	40	18.06922797	16.98883111	40	18.48044946	40	15.59247483	18.53999017	16.15310565	16.83144816	17.97662516	40	18.28854118	17.04080414	19.71222956	19.82170105	16.74996422	23.3993237	19.40676547	15.83731699
PreMegE110	40	18.04106301	40	17.34741713	16.95262147	20.02858573	18.51051527	40	40	40	16.35244851	18.77486922	17.98483485	40	17.28737795	40	19.42575444	16.82102716	19.75921638	19.92189048	17.33039866	19.30672462	19.53679644	15.75812498
PreMegE111	40	19.31090136	40	20.33811477	16.95939753	19.64812648	40	40	40	40	16.14695153	40	17.2754867	40	18.24703958	40	40	18.5420344	21.4882086	19.91413662	15.89044538	17.47335734	20.62165099	16.10864401
PreMegE112	18.65934857	19.16705705	40	17.84934787	17.40976445	40	17.20968126	40	20.28300356	16.59835172	17.09558657	17.80558749	18.58133316	18.84033947	17.02376798	40	17.9434325	17.83382297	18.50847555	19.96291449	17.86708658	19.48386341	18.40270652	16.25047579
PreMegE113	40	18.35273474	40	20.33736996	19.42286094	40	18.41516	40	17.39435051	18.24443824	16.11870302	18.90785394	15.71765561	18.36092261	19.48404487	40	17.59367336	17.53228981	18.20174692	20.08132485	17.85525323	19.2685011	19.51958183	14.89298013
PreMegE114	40	18.2676549	40	18.68142633	18.42123875	19.8968897	17.75583105	40	16.22842228	40	16.19605772	18.2126915	16.29503254	16.91958339	19.27423099	40	40	17.32999005	18.83963215	40	17.33271776	17.37947362	20.82448241	16.21095351
PreMegE115	19.43948309	19.45917543	40	17.3410054	18.47866991	40	17.94176878	40	17.53553512	40	16.91470128	18.35915045	16.46000923	17.91521011	16.84046685	40	40	17.18356041	18.90747603	20.04801154	18.32682882	16.70405315	19.84418618	16.09532825
PreMegE116	19.72609571	22.57206788	19.69903739	17.98104799	18.47771212	19.74066663	19.90194508	40	17.67631522	19.68297207	16.73887889	18.28528211	17.61255344	20.05863628	18.43521834	40	19.0318293	16.96577627	19.81444219	18.93307164	17.45356806	18.38527359	20.86449548	16.15419493
PreMegE117	40	19.2390725	40	20.16736477	17.34356748	40	17.08493086	40	20.44436333	19.3506126	16.17049645	19.52487466	18.21755041	40	16.4281293	40	40	17.01140966	40	40	18.36495955	18.00155582	20.61715037	16.72317492
PreMegE118	40	18.21665282	18.44537709	21.25538718	19.56029531	40	40	40	17.39431761	17.62363113	16.01995997	17.01317192	15.86986554	16.90710497	18.18128544	40	19.00559886	16.89284577	19.50598218	19.93418447	17.76424377	19.00560642	20.4250092	16.43962252
PreMegE119	40	19.35132161	19.55242418	19.40679811	18.5036741	19.96071693	18.08806984	40	17.28841096	40	16.3953061	19.84976343	18.21353417	17.23909021	18.38259027	40	23.57223217	16.78152054	18.59712975	20.16989773	18.24519701	17.38009536	18.56507384	15.97174643
PreMegE120	19.73943926	19.25465127	18.30736095	18.46027339	18.85576645	18.88395841	18.21650028	40	17.98359858	18.27150921	15.64690637	18.47777462	16.44660463	16.81033185	17.07081009	40	40	16.58884859	20.79755911	40	17.97071095	40	20.72473942	15.91876156
PreMegE121	40	18.03365885	18.70296347	19.03938958	19.65317967	19.31535112	17.89925615	40	18.50799965	17.62427917	15.78559897	23.24104138	18.29465475	16.69895423	16.80992128	40	19.22393133	18.14649242	17.93699587	21.81186037	16.34966303	17.74489391	20.05379483	15.61890137
PreMegE122	40	18.27183665	19.47057958	18.73494383	17.4824881	40	16.91040548	40	20.40683903	18.50547437	16.57917094	17.51646669	15.85873598	18.74737152	15.27786041	19.88189166	40	16.963096	20.68442625	18.55973116	16.84600619	17.81542395	19.80295928	17.23045432
PreMegE123	40	18.37341232	40	19.35621966	17.4620197	18.67962908	15.79443921	40	17.93866293	20.73992598	16.94071212	18.28441174	40	40	40	40	18.98982865	17.87237931	20.9676139	20.55859158	19.9402305	19.20474448	40	15.54295932
PreMegE124	40	19.31969716	40	17.80887413	40	19.19691188	40	40	16.64298838	40	16.4460883	18.54272982	16.36094092	40	18.3136333	40	18.11888566	18.00189828	18.07789035	19.2244259	18.90391206	18.29941971	18.53258304	16.14659799