1	Bptf	Cbfa2t3h	Cdkn2a	Dnmt3a	Eif2b1	Erg	Ets1	Ets2	Etv6	Ezh2	Fli1	Foxo3a	Gata1	Gata2	Gata3	Gfi1	Gfi1b	Hhex	HoxA5	HoxA9	HoxB4	Ikzf1	Kit	Ldb1	Lmo2	Lyl1	Mecom	Meis1	Mitf	Mpl	Mrpl19	Myb	Nfe2	Notch1	Pbx1	Polr2a	Prdm16	Procr	Runx1	Sfpi1	Sh2b3	Smarcc1	Smarcc2	Tal1	Tcf7	Tet2	Ubc	Vwf
shGata2_001	2.811019545	1.034608195	15	2.715487055	0.281641375	15	15	1.713179535	0.601431605000002	15	-1.327948335	0.238076795000001	1.634500245	15	15	15	0.617992385000001	15	15	15	15	-0.657112704999999	-3.269066665	0.842703475	-0.851735204999999	-1.479389935	15	-0.767116144999999	15	1.537890805	-0.320965385000001	-3.083362015	-0.796406285	15	0.044416205000001	2.978086905	15	15	0.309742155000002	2.337363315	15	-0.995814034999999	2.711664385	1.899612965	15	2.998900925	-2.978086905	2.597942145
shGata2_002	4.998685255	4.241771515	15	4.097672255	2.986659505	3.833696325	15	4.860285675	3.495020835	5.865030515	1.827987835	1.932708135	15	15	12.471888235	15	4.174625345	15	6.506761525	15	6.010770695	3.070475535	-1.928129955	3.503217625	3.365084845	1.330838805	15	1.375408225	4.090544225	5.443189005	4.686613295	1.109528945	1.795799885	15	4.669048045	2.136580685	15	4.905264405	3.121094395	4.966948875	15	2.442532465	5.472981355	3.527082815	15	2.795519265	-2.136580685	15
shGata2_003	3.804196015	3.685649755	15	15	4.032211025	4.346175865	15	15	4.110501555	15	1.578679595	0.461305355	15	3.782952305	4.150269005	15	15	1.967802195	15	15	15	1.360666195	0.795646165000001	3.714825365	1.130823285	0.867024104999999	3.819641025	-0.181080314999999	15	15	15	4.489371445	4.281851385	7.508596445	3.055225265	1.752525015	15	2.512517025	4.395795215	3.498719195	15	0.862694255000001	2.623634145	0.557786915000001	15	5.780076595	-1.752525015	15
shGata2_004	3.304916175	2.251340275	6.547964155	3.645239645	2.770949815	1.831228985	15	2.901690915	2.009833645	7.661935405	0.559085485000001	0.590644505	15	4.850691205	15	15	4.138522935	15	15	15	15	1.873885595	-0.926990515	4.430641915	2.900862375	0.645920495	7.443471545	1.876592075	5.573905145	15	2.256907195	1.144419735	1.913617065	7.334399935	15	2.014454625	15	5.586530015	3.236484615	3.934928625	15	0.546693385000001	4.308418755	4.176189075	15	4.571140745	-2.014454625	15
shGata2_005	3.073659835	2.101598405	15	5.340943295	1.566877825	15	15	3.367159205	2.375809235	6.690665385	-0.842640794999999	0.365549314999999	3.665264885	3.921933505	15	15	1.140936475	2.201658665	4.858359145	15	4.833511455	1.053507045	-1.765266555	1.658639975	2.111778675	-1.252128295	15	-0.998045125000001	15	1.072314225	3.118967725	-0.909096125	1.300494695	15	1.793510765	2.110086225	15	15	2.095884785	3.585298665	15	0.250175935	4.451482055	0.116106035	15	3.769062165	-2.110086225	15
shGata2_006	3.58666285	15	15	5.09612161	1.12630425	1.49384904	15	4.29567074	1.50276433	15	-1.53014033	-0.78315186	3.10161164	3.94256539	3.54237038	15	15	15	3.92820239	15	15	2.11933138	-0.905412250000001	3.29607667	1.92516476	2.17720082	15	-0.76238043	15	1.17152432	2.22709994	0.33877304	0.708428869999999	15	2.4342634	2.4441565	15	15	1.22875242	3.90517019	15	0.793527770000001	4.08942212	1.12954765	15	2.89022261	-2.4441565	15
shGata2_007	5.5948866	15	15	2.89852156	3.06227598	4.4289513	15	3.55096259	3.6698094	6.64082154	1.83194885	0.665251489999999	15	4.54231067	15	15	5.77634664	15	15	15	15	2.19330669	-0.936794130000001	3.77750699	2.66369957	-0.60594393	15	0.35332927	15	15	2.04907036	2.17458922	2.86079358	15	15	3.15722322	15	15	4.15870357	2.2718084	15	0.759209480000001	2.72434927	2.15825006	15	2.90251544	-3.15722322	15
shGata2_008	4.064982375	3.192143005	15	2.914678695	2.241957525	2.243829715	15	2.628450365	2.935791465	15	0.769845885000002	-0.0256105249999994	15	2.381971555	6.634380275	15	15	15	15	15	3.921995545	2.294992765	-0.818981395	3.634422745	0.864466245000003	1.459793865	15	0.105758575000001	15	2.861527445	3.423181125	1.560801105	3.164177555	15	4.784341915	2.389083135	15	4.239376195	5.201510405	3.984023745	15	1.937483685	4.017632835	1.477166165	15	4.658801725	-2.389083135	15
shGata2_009	3.042538175	5.990955575	15	3.235508575	1.899053935	15	15	4.314367275	1.666145545	6.809180775	-2.060607545	-0.594120425000002	5.061751725	2.420531795	15	15	3.733916075	3.576026945	15	15	15	1.504805315	-1.635740885	2.403198915	4.004814955	-0.331029875	15	-0.569721635000001	4.525688985	1.050831715	2.607176105	-0.604689405000002	1.221892285	15	0.692282974999999	1.871094165	15	15	1.440221805	4.812243675	15	0.702450494999999	5.285601665	0.887615714999997	15	3.544489745	-1.871094165	15
shGata2_010	4.14295976	6.46294913	15	4.48569604	2.0494767	15	15	5.309583	3.14465039	15	-0.95637498	0.845039530000001	2.28146085	15	15	15	2.58311565	3.96980859	15	15	15	1.57615268	-0.92358475	2.44234388	2.151592	3.55936056	15	-0.296203309999999	15	2.59967323	3.61921882	-1.03591908	0.992145270000002	15	2.18099015	1.92783792	15	15	1.7969166	5.56408287	15	1.27957552	4.42678916	2.87811283	15	5.57288204	-1.92783792	5.23955462
shGata2_011	3.719312255	3.332554045	15	5.911612065	0.848471095000001	3.777488045	15	2.885617115	3.546278575	15	1.865238145	0.936748435	15	2.624437965	15	15	4.279298355	4.618671535	15	15	15	2.254189595	-0.00629783499999981	2.444089975	2.736195365	-0.456938835000001	15	0.685617284999999	15	3.246973835	2.043321355	1.321183035	4.117728225	9.470861595	15	2.424146045	15	4.281001435	3.791531995	4.000644475	15	0.274130704999999	3.774365735	1.887135225	15	3.376042715	-2.424146045	15
shGata2_012	3.185840025	2.923964115	6.159816035	15	2.276371875	3.280142885	15	3.710845995	2.296088325	15	1.034600245	0.487615345	15	1.161173865	15	15	15	15	15	15	4.523676295	1.861611265	-1.289495625	1.015893615	1.683483055	0.0203960250000002	15	0.766654055	15	5.565307485	2.262442465	0.887537054999999	3.528193305	10.249092065	3.422014535	2.521875055	15	2.947329175	3.695170125	4.062833645	15	0.578601104999999	2.975701995	1.670809495	15	4.049484535	-2.521875055	15
shGata2_013	3.921107645	2.790682875	5.026349315	3.787109855	1.645535935	2.375318435	15	2.648295445	3.711535595	15	1.652446045	1.418088815	15	5.311363975	15	5.080799035	5.222602985	3.109751645	15	15	15	3.315014025	-0.414026815	2.109642915	4.271781595	-0.927807594999999	15	0.356992575	4.940318135	4.058236105	1.640461375	1.249639645	1.421434875	9.187369085	5.248355425	2.235415065	15	2.862188525	5.328698615	3.113788955	15	0.265582715000001	3.636537215	1.307158685	15	4.803820575	-2.235415065	15
shGata2_014	4.280367355	4.000637485	15	4.715565265	1.309227995	3.816080525	15	4.976706655	3.328795535	7.243414355	1.709434415	1.046290495	15	15	15	15	15	8.555437885	15	15	15	3.794558085	0.618224174999998	1.696183435	1.641736135	-0.263123135000003	15	0.903718424999997	5.062303015	2.489815755	2.482281965	0.286675264999998	1.661637085	15	15	2.203413705	15	4.215434215	1.612890155	3.184456955	15	1.129301715	3.374939625	3.923702735	15	2.832222115	-2.203413705	15
shGata2_015	4.184549825	3.184058165	15	5.774881635	1.918652235	15	15	4.036928655	4.082396635	15	1.920782055	1.698375695	15	15	15	15	15	4.923495885	15	15	15	3.692569565	-0.142344695	4.556313975	1.620938955	-0.765809345000001	15	1.084172365	4.257517045	15	2.190704175	15	2.866898785	15	15	2.479501895	15	15	2.734147195	2.314238575	15	1.044002875	3.296278895	2.013990115	15	5.063664795	-2.479501895	15
shGata2_016	4.225749185	3.277738255	15	4.306958725	2.357237535	3.215265505	15	4.763991975	4.592733435	6.924495715	3.361768235	1.046711345	15	2.848481565	5.134015435	15	2.836060065	5.393206005	15	15	5.292190435	3.835475955	-0.585078505	2.741928155	2.540517765	0.447420765	15	1.371977625	5.382499545	3.458784295	2.849350525	1.363823515	1.377255785	8.294225125	4.203007745	1.944772945	15	1.972523815	2.913365305	3.241594335	15	2.253231295	4.778319965	2.786161705	15	3.234830485	-1.944772945	15
shGata2_017	3.779309075	2.040810005	6.263487275	4.635569305	2.117386625	2.184577625	15	3.281416865	1.851650065	15	0.585283725	0.542232015000002	15	2.607062205	15	15	4.627632615	4.217863755	15	15	15	2.418815115	-1.138845005	2.311501465	2.469190095	-0.519438764999999	15	0.491839775000001	15	3.502966725	1.805465405	0.128937615000002	1.061754375	7.983386605	5.605952075	2.177007665	15	3.610748845	2.077337955	3.815171815	15	0.763668005000001	3.853551155	2.195750415	15	2.655467565	-2.177007665	15
shGata2_018	4.028852345	4.201636165	15	3.400594115	6.455738065	1.512673365	7.909247405	15	2.740431465	7.017685755	1.581621025	0.425040225	15	5.154014765	15	15	15	3.042706045	15	15	15	2.950750705	-0.354781635	15	1.840781955	-0.155781545	7.063149125	1.415264145	15	5.349944905	2.965624685	1.353747435	3.030029235	7.836896425	5.973684125	2.525473395	15	4.036112645	0.741200814999999	3.319841165	15	2.088693845	3.990999225	2.014335605	15	4.452826825	-2.525473395	15
shGata2_019	3.94444085	2.06691777	15	15	1.94447868	2.37633296	15	3.56740487	1.95763568	5.89018801	0.82022452	-0.103704310000001	15	1.88652535	5.39545571	15	15	2.5240488	4.6869311	15	2.54767507	0.133484579999999	-1.01117567	1.64770717	15	-0.21728001	15	-0.0712650700000008	15	3.0375999	1.5586798	0.19382229	2.18397407	8.05195191	3.66716791	1.71976118	15	4.75279807	2.86003523	3.5114277	5.4627678	0.16725465	3.48245235	1.25681522	15	3.29022258	-1.71976118	15
shGata2_020	3.16048568	1.48623213	8.22017244	15	2.27948006	2.3346532	15	5.11443108	1.72850568	7.30758891	0.32647068	1.77168928	15	2.59211392	5.08599803	15	15	2.11808634	15	15	15	1.50787856	-1.09994922	2.56976491	3.11013977	0.0946688899999995	3.70888528	-0.5074402	15	15	2.62839817	0.514131150000001	2.89578235	15	4.1308266	1.70454129	15	3.28889526	4.21420505	3.16234795	15	0.617177480000001	3.81217332	1.94235255	15	3.88962503	-1.70454129	15
shGata2_021	2.32238418	1.55490207	15	15	1.72219521	15	15	3.49127338	1.53515081	6.37404253	-0.908712480000002	-0.508716910000002	1.58025457	2.49655357	15	15	1.46638942	2.76411088	15	15	15	0.447354879999999	-2.31158282	2.49594354	1.10381542	-0.243995430000002	15	-0.643027750000002	15	4.5495257	1.58578345	-2.73515241	0.1340249	15	0.693749739999998	2.07783146	15	15	0.461900919999998	4.22247039	15	-0.0878597499999998	3.08658627	-0.274490240000002	15	5.48378268	-2.07783146	3.8143452
shGata2_022	3.07278425	15	15	5.54965877	0.92770647	2.45561472	15	3.67795572	2.86569163	7.18363901	1.98576888	0.689974030000002	15	3.58473097	15	15	15	15	15	15	2.78078566	3.38290538	-0.645968129999998	2.43742681	15	0.048080800000001	15	-0.319043539999999	5.10322366	15	1.5612889	1.95396472	4.07355471	10.09354793	5.20117006	2.08381293	15	3.66628247	5.12319853	5.63687796	15	0.976350060000001	3.26452755	3.00292049	15	3.77554444	-2.08381293	15
shGata2_023	3.438805815	2.176740885	15	3.437572775	1.698980855	3.001706565	15	1.756932015	2.391961395	7.098522115	-0.167114465000001	0.100144114999999	15	2.759421035	8.743793625	15	3.847169605	3.594747155	15	15	5.146481955	1.362011585	-1.941801325	3.696573005	4.368725395	-0.772358385	15	0.0682122950000004	15	1.666050435	2.049974675	-1.341707985	1.877294925	15	4.865182975	1.732014095	15	15	2.420231395	3.526465495	15	0.384125975	3.426805955	1.760767475	15	3.977012605	-1.732014095	15
shGata2_024	2.188536465	2.777243025	9.607083405	3.537483035	0.834610905000002	3.924495105	15	15	1.260999745	6.882133805	-0.571364235000001	0.0999152250000002	15	3.014918515	15	15	2.629960125	15	15	15	3.519784355	2.688511275	0.0973304850000005	2.110387195	1.196504665	0.922339194999999	15	-1.532545395	15	0.627005125	1.268760755	-1.202594145	1.547295765	15	1.021641205	2.043230395	15	15	3.628238935	4.853313035	15	0.0953763250000002	4.617455905	2.489296515	15	3.114791105	-2.043230395	15
shGata2_025	3.91134945	4.55592477	15	15	2.53241664	4.10138378	15	3.43893338	2.21038754	15	-1.54064358	0.0499455000000015	15	3.53211834	3.56002921	15	3.10023061	15	15	15	15	1.52638987	-0.806608559999999	5.39758388	15	-0.923556689999998	15	-1.11831274	15	1.49923481	2.05372843	-0.694623709999998	2.3170148	15	3.79746306	1.72048815	15	15	2.70089412	4.63737893	15	0.291464590000002	3.55718724	0.708702710000001	15	3.68221088	-1.72048815	15
shGata2_026	2.94988949	4.3708713	15	15	2.27874416	2.61679507	15	4.02146525	2.78591122	15	-0.37596716	0.584344170000001	2.03807779	1.9845233	15	15	1.29274308	15	15	15	3.10887502	1.06336025	-0.84368317	15	0.824660940000001	1.05271715	15	-0.437905449999999	15	3.52261123	0.934799130000002	-1.54482436	0.930386000000002	15	1.07113433	2.09890072	15	15	1.1692787	3.96641137	15	1.34219269	4.92990417	1.30317567	15	3.79929378	-2.09890072	15
shGata2_027	3.524054065	2.187092535	15	3.106371355	1.200195715	3.189079095	15	15	2.173957855	6.526609365	-1.522290265	1.278154835	15	15	15	15	3.006588545	15	15	15	15	1.927001885	-0.432861884999999	3.615023885	0.977356734999999	0.107642615000001	15	-0.0801512249999998	15	-0.00569511499999997	1.893130165	-0.505797345	1.426502505	15	2.123105095	1.993087245	15	15	0.922260695	4.795798785	15	0.925493355000002	3.462505975	2.024639765	15	3.517889755	-1.993087245	15
shGata2_028	3.042978665	1.499219605	15	2.222591825	1.170389845	3.043256205	15	4.578631635	2.387529975	15	-0.0494608749999994	-0.377640355	15	1.671354165	4.125454865	15	2.123978275	15	15	15	3.243624095	0.733020864999999	-1.949070445	15	15	-0.606611895	6.262231715	0.0653892850000002	15	2.779321405	4.107481045	-0.0882921050000007	2.017030075	8.282377735	3.802596465	2.521333905	15	3.561657645	2.064188935	2.209058425	15	0.813738675000002	2.601546015	2.141992755	15	2.588717225	-2.521333905	15
shGata2_029	3.183308265	2.815442385	15	3.687178355	1.119337815	3.013513285	15	15	1.999876665	6.502716525	-1.359513125	-0.191268115000002	4.369197475	2.745364945	2.965884455	15	1.854778185	3.293090975	15	15	15	1.801092585	-0.797386205	1.629622555	0.898580614999998	-0.867070735	15	-1.415952775	15	2.070362465	2.819478215	-0.768363805	0.529907145000001	15	0.993415635	2.143653025	15	15	1.006305265	4.386032615	15	0.0972989449999986	3.474268305	2.872565245	15	4.327944905	-2.143653025	1.122122065
shGata2_030	3.394608335	4.098460765	15	2.765945275	0.673427535	3.206418775	15	3.844935945	1.233286245	6.217846385	0.398937485000001	-0.137968584999999	15	5.570404985	15	15	2.599481195	3.559942825	15	15	15	1.818812745	-0.888961224999999	0.970109924999999	15	-0.919211335	15	-0.463695464999999	15	3.712216435	1.110982885	-0.768083424999999	1.065882005	15	3.967191715	2.706895345	15	2.049272235	4.680044945	3.094125885	15	-0.110462085	4.276390625	2.959402975	15	15	-2.706895345	15
shGata2_031	2.355819115	1.211737415	15	3.038068885	0.926683744999998	15	15	2.880503875	1.500249195	15	-2.067395265	0.643980904999999	3.145799095	3.647296845	15	15	0.240672175	15	15	15	15	0.562177675000001	-1.885089295	3.132205795	0.132033785000001	-0.0754187450000003	15	0.211992994999999	15	2.256392185	2.585766405	-1.706088215	0.574405655	15	0.546760835000001	2.482619875	15	15	1.065335515	4.337806315	15	0.859129795000001	2.888515305	2.183869925	15	4.035774405	-2.482619875	15
shGata2_032	3.20424966	1.96171821	15	15	2.74372122	15	15	15	3.84843212	15	0.986589909999999	1.08877235	3.97789414	15	4.00679222	15	4.32601382	1.98216976	15	15	15	1.11653286	-1.34106658	-0.00659343999999962	1.81470282	-0.13873272	15	4.02093534	15	15	2.00468502	-1.8757767	0.140041110000002	15	2.80959138	1.6702801	15	15	1.29262921	15	15	1.09384952	2.04666933	1.68025694	15	3.77067944	-1.6702801	3.83803907
shGata2_033	4.31232353	2.71323877	15	3.56890979	3.28663295	15	15	4.68750712	3.68170622	15	2.31503103	1.38313453	15	4.74660821	15	15	2.72263221	3.69462328	15	15	15	2.42284352	-1.58077731	2.24101178	2.55522411	0.750063900000001	15	2.56741642	3.83701335	15	4.09853018	0.08178193	2.26565725	7.7574089	4.48382654	1.78533699	15	4.75089475	2.80665771	3.65593706	15	1.75984999	4.29889565	3.35578902	15	3.19838174	-1.78533699	15
shGata2_034	2.20834089	1.55780996	15	2.5701729	1.83749802	5.2683783	15	15	1.33451039	15	-1.47249433	0.0189559399999997	4.02979996	4.54497731	15	15	1.96490102	1.94172885	15	15	15	0.799757920000001	-1.54370718	0.93437999	1.48044287	-0.59030014	15	-0.38557271	15	1.43740516	15	-1.43104081	0.78265511	15	1.90647004	2.61626348	15	15	0.900228130000002	3.78329907	15	1.90546041	3.66557824	1.2148528	15	3.46948656	-2.61626348	1.4488288
shGata2_035	3.581477975	3.044795485	15	3.144565185	0.631207425000001	3.906870195	15	3.200294025	2.857594635	7.160282825	1.295847805	0.868257905	15	1.809453125	15	15	15	2.302801045	15	15	15	2.744077645	-0.887270885	3.099132425	2.947751745	0.214309995000001	15	0.311915355000002	4.714783055	3.417644865	1.551393445	-0.358103034999999	0.913931695	15	5.511691505	2.284637575	15	2.642320705	2.117461305	3.498236725	15	-0.0342498249999998	3.367810485	1.415585375	15	3.153143465	-2.284637575	15
shGata2_036	3.785588705	4.012682835	15	4.691208255	1.845359615	3.885344005	15	15	2.586838695	6.550509895	-0.316891385	0.191527795000001	15	5.583473335	15	15	4.036457855	3.504773835	15	15	4.575519775	2.549319915	-1.883158585	3.500690565	3.417788945	-0.301056145	15	2.137936285	15	2.114234575	2.611164005	-0.409382505	1.260699895	15	1.993878895	2.040597885	15	15	1.720725005	4.511441175	15	0.784613585000001	4.568097105	0.999443575000001	15	4.024499495	-2.040597885	15
shGata2_037	4.34325651	15	15	0.0163312599999994	2.48871594	15	15	4.54212444	5.72580283	7.24921198	2.62218345	2.06481443	15	15	15	15	15	15	15	15	5.16902533	3.53382907	-1.85172082	2.95496646	3.64795549	3.82231102	15	3.14351662	4.38816874	15	3.28854544	15	15	15	15	2.75454346	15	15	3.50343972	4.00578215	15	2.96308105	4.04256285	15	15	4.16806534	-2.75454346	1.98673557
shGata2_038	6.762635	15	15	5.2290297	1.86100824	4.41421174	15	3.85922481	2.21245929	5.96274689	0.486221490000002	1.13356409	15	15	15	15	15	2.74508047	15	15	15	2.92020457	-1.35229878	1.96506321	2.7499542	0.588645920000001	15	0.320557390000001	15	3.44714032	2.20164909	1.88732148	3.76705546	15	15	2.52943399	15	15	2.13789766	4.04591492	15	0.603294090000002	4.09913396	1.09592714	15	5.96263145	-2.52943399	15
shGata2_039	3.93788062	3.81219036	5.82276224	4.68022872	1.50890168	3.89944012	15	2.72743174	1.92842978	7.97001248	1.68750536	0.817526399999998	15	2.38914919	5.43972541	15	2.71908792	2.86143461	15	15	4.90379444	2.48645086	-2.05262687	2.59671776	11.5401186	-0.656490930000002	15	-0.180863500000001	4.9045879	2.51208326	2.76092857	0.517454439999998	1.92599251	7.73670878	5.36021231	2.43489563	15	2.91160917	3.53237427	2.29603309	15	1.37020578	2.95527548	2.03291545	15	2.61912367	-2.43489563	15
shGata2_040	3.65156682	2.93437574	15	4.63605158	1.7000978	15	15	2.3684246	2.08758485	15	-0.42884475	-0.12832584	2.37408195	4.92646021	15	15	15	3.04036151	15	15	15	2.24790474	-1.43516727	1.99412063	1.76994038	1.00268057	15	-0.713826189999999	15	1.45254259	1.8232605	-1.46930278	0.53766418	15	1.40320263	2.01140069	15	15	1.27579299	4.91533234	15	0.454682040000002	2.83681129	1.61590837	15	3.9622224	-2.01140069	15
shGata2_041	3.454861625	2.760040445	15	5.174699055	2.401246845	4.686790265	15	1.562420695	3.043412755	15	0.857754275	1.896760925	15	1.897603985	4.531000525	15	15	2.643116395	15	15	15	2.241508135	-1.909780275	4.087440675	15	-0.592969865000001	15	0.468592305	15	5.402637355	3.319214715	0.526578344999999	1.449025545	15	3.329127735	1.848300635	15	5.045575175	3.864497385	3.220143325	15	1.495088965	5.054512085	2.123856595	15	3.156746285	-1.848300635	15
shGata2_042	4.249696355	1.866300875	15	4.620733745	1.833374055	3.565699415	15	5.572681475	2.367949495	15	0.716752485000001	1.177597725	15	2.190724215	4.336682595	15	3.306634565	3.581995945	15	15	15	0.935645425000001	-1.856436805	3.682433675	2.486615955	0.184846415000001	15	-0.224616424999999	15	1.804455585	3.164620685	0.484307265000002	1.497367415	15	6.138649885	2.769186285	15	2.665805085	2.770144845	2.483991925	15	1.432238295	3.335049615	1.632261115	15	3.240289505	-2.769186285	15
shGata2_043	2.54611862	4.11223572	15	15	3.46081638	2.38742642	15	2.8583018	15	6.20935216	0.865044959999999	2.03385968	15	4.16209998	15	15	15	1.79210278	15	15	3.52144325	2.53313788	-0.75567588	15	1.00107776	2.29709941	15	-0.295628600000001	15	2.74833737	2.21286922	2.76251161	2.27349674	15	15	1.4617074	15	15	15	3.98455166	15	1.99716339	15	1.53227911	15	2.85917631	-1.4617074	15
shGata2_044	3.449727005	3.359366475	15	6.139723055	1.552015685	6.658818515	15	5.389178795	5.573115985	6.262987435	0.890922045	-0.208288784999997	2.942105245	6.250798345	7.563134915	10.510938155	3.832649635	8.303926915	15	15	15	1.740818245	-1.127940755	1.992282395	1.362130455	-0.264975924999998	15	0.117619525000002	7.195069885	3.492317705	2.255587625	-0.951206244999998	-0.168307774999999	15	5.883288165	1.842868165	15	6.654949385	3.476977795	3.442905785	15	1.531561315	6.216711045	1.040785435	15	3.780302945	-1.842868165	15
shGata2_045	3.373501695	1.278587755	15	2.163588975	1.020499775	3.970738525	15	1.969551075	1.547982895	5.387056165	-0.997184575000002	-0.952252385000001	2.179000785	2.275124995	3.783799735	15	4.788083355	15	15	15	15	1.432393565	-1.788743855	3.257007325	1.333471715	0.246151724999999	15	-1.134996165	11.269817435	0.0874515549999995	1.922511815	-0.695776445000002	0.407179124999999	15	1.163687805	2.320565305	15	8.819200755	2.016704105	5.098415525	15	-0.0670073250000005	3.674335485	2.725537885	15	2.237711195	-2.320565305	15
shGata2_046	9.50045864	3.96042114	6.34430754	3.95672122	2.00284726	4.96851212	7.74841138	2.67603119	3.28110099	6.25292122	0.0475132599999988	-0.179127070000002	8.38998792	4.46653376	10.54748543	11.15444641	2.832731	10.44983735	15	15	15	3.25191157	-1.1302437	4.80881182	4.35721326	1.9694839	15	0.296328299999999	3.77929455	1.31347316	3.93853278	1.26875285	1.81751888	15	7.75259199	2.52893538	15	3.41021887	2.1086038	3.68497451	15	1.03484636	3.05879239	3.05711775	15	3.56735872	-2.52893538	15
shGata2_047	4.43202372	3.66537162	10.66248266	4.44431866	2.07269065	1.88818652	11.78936067	3.36978023	2.11952338	7.1164832	0.46214421	0.262579840000001	8.33892639	1.82119054	4.67480684	4.58418897	4.09034061	3.09885972	5.53722481	15	15	1.67967005	-2.0334975	2.7975189	3.14341559	-0.0983577399999991	15	-0.577332459999999	5.35400928	4.93347323	2.71137594	0.509443900000001	1.12363639	8.13886022	4.43972488	2.02320693	15	1.95103378	1.72139711	3.16734617	15	0.865675210000001	2.79202973	3.2513107	15	3.33834479	-2.02320693	15
shGata2_048	3.08137192	1.59179627	15	2.36491511	1.69451145	4.3501032	15	15	2.27473087	15	-1.0027816	-1.01974286	2.81389985	4.54582668	15	15	2.16470626	15	15	15	15	1.28254173	-2.35367732	3.90201156	1.85635269	0.0705162099999992	15	-1.01177273	15	1.51370596	1.72345796	-2.08822972	0.11779241	15	1.59007863	2.14099232	15	15	-0.265990650000001	5.14100023	15	0.90045918	2.6859148	0.252085529999999	15	3.20938821	-2.14099232	4.99702122
shGata2_049	3.92134932	2.43789189	15	4.41624514	2.37871189	2.60274179	15	3.72465067	1.92445478	7.53738073	-0.307361	0.78014076	15	2.1488372	4.63027761	15	15	15	15	15	4.34563626	1.37992562	-2.06322285	2.23559629	0.78906209	-0.53453053	15	-0.102990800000001	15	5.43209082	2.35949502	0.140535270000001	1.0955197	8.21415506	4.83849228	2.42662583	15	2.29081601	1.80818296	2.96097409	15	0.81729608	3.54953222	2.242783	15	2.49473491	-2.42662583	15
shGata2_050	2.92538966	2.27597813	15	3.35203787	0.128013969999998	15	15	6.14906197	1.26938786	5.50257192	-1.14140356	-1.48360391	0.19196337	15	15	15	2.23340063	15	15	15	2.97066808	0.21479978	-3.10253866	1.33458618	1.13890504	-0.936768040000002	15	-1.61790981	15	1.58205427	15	-3.38625328	-0.465034930000002	15	0.0951306999999986	2.59745116	15	15	-0.178451610000003	3.53630684	15	0.503154689999999	1.79236386	-1.44902204	15	4.2448137	-2.59745116	-0.677751520000001
shGata2_051	3.97920451	4.01381305	15	15	1.26539834	2.83619676	15	15	4.57955578	6.11925214	1.66870599	-0.13827906	15	2.25096874	3.28601672	15	15	15	15	15	15	1.12375793	-1.90329495	1.97640044	2.32157618	-0.264621329999999	6.1614053	0.0849620600000005	15	4.35458462	3.10444569	0.43668682	1.94010036	15	4.79689652	2.26630002	15	3.58709365	4.62283441	4.20747356	15	0.556248679999999	2.76179986	1.44373772	15	3.46551966	-2.26630002	15
shGata2_052	3.6899219	2.23746071	5.45173246	4.80807514	0.188611290000001	2.01678153	15	2.87016255	2.8163416	15	0.476547010000001	0.650448140000002	15	2.1244729	4.25808575	15	3.03251596	3.54392084	15	15	3.61264166	2.10024358	-1.08844586	1.70613009	1.36603063	-0.342065239999998	15	0.128169740000001	15	2.51496284	1.7167697	-1.25035525	1.41934017	15	6.38360999	2.07341112	15	1.76728584	3.96738217	2.30168179	15	0.37767408	3.45175836	0.718984560000003	15	3.70842422	-2.07341112	15
shGata2_053	3.951356805	4.500593835	15	11.057812995	1.771954465	2.278781845	15	2.621002575	1.213247685	7.374362525	-0.589638715	-0.275369515	15	4.512230765	15	15	11.065022675	2.509438145	10.926432115	15	15	1.993189075	-2.301178925	2.419404375	1.197893045	0.454960485000001	15	0.879944475000002	10.028268735	4.483218015	3.680905225	-0.0490526949999985	-0.0552631749999986	15	3.821128955	2.695328945	15	2.757410605	1.967366005	2.709497455	15	0.195911615000002	2.923463485	2.598304175	15	1.208640975	-2.695328945	15
shGata2_054	3.89871613	2.53480206	15	3.45801968	1.55782604	5.53453204	15	4.87162383	1.77304236	15	0.319500979999999	0.416509399999999	15	2.06376565	6.99015192	15	15	2.8508779	4.79334253	15	4.09285695	2.28570117	-1.57242363	2.39785285	2.42518457	0.575240229999999	15	-0.213911990000001	3.26513228	2.11128739	2.10791496	1.77692874	3.31186288	15	3.71443852	2.74478794	15	3.25267119	3.02501937	3.4667811	15	1.5427447	5.52792059	1.21010963	15	2.63380344	-2.74478794	15
shGata2_055	3.125302475	1.833270355	4.709547775	3.189832955	1.735802095	3.198257365	15	2.788042445	2.446910965	5.401715965	0.244875524999999	-0.530918485000001	15	6.596116555	4.941868535	15	5.729330725	2.819156765	5.422208015	15	3.589271355	0.542266515	-2.312743705	2.376983065	1.022097755	-0.818439675	5.616905465	-0.0310607650000012	5.756662545	2.179911065	1.725146985	-0.253336715	1.569947005	9.708572975	5.107082055	2.290903655	15	3.869871725	3.286859805	3.089055405	15	0.182330804999999	3.794455055	1.715113965	15	2.692157195	-2.290903655	15
shGata2_056	4.00087009	3.109896	9.64191764	15	3.09283252	4.07263078	15	5.30100963	4.03190285	7.78075945	1.79578047	1.72556951	15	3.76790546	15	15	3.6418758	15	5.28738731	15	15	2.25930126	-0.962369519999999	4.23477405	15	1.26209224	15	0.32597131	5.01797145	4.55670055	2.17472107	0.55872108	1.84443085	10.76112352	4.42526497	3.0966924	15	2.38556861	3.76972	3.65189827	7.40783862	1.92662859	3.70031679	1.94902727	15	6.62085127	-3.0966924	15
shGata2_057	3.59661206	2.06738241	15	5.61269036	1.4096391	3.86221621	15	3.47545199	3.80125467	15	-0.998929410000001	1.31636545	3.0407778	4.78413275	4.95244189	15	1.92210098	2.61891279	15	15	3.66325056	1.91780492	-0.58519104	3.3351488	2.32395677	2.03419647	15	-0.906179740000001	15	0.299292119999999	1.8069931	-1.04268991	0.498960109999999	15	1.38439462	2.35737725	15	15	2.22029519	4.69631591	15	1.14114922	4.8553484	0.80022396	15	4.05325291	-2.35737725	2.80257519
shGata2_058	4.83183676	3.81154837	4.86747029	3.86092903	2.45701832	2.98369567	15	3.74920971	5.68112987	15	1.13191471	1.56651843	15	2.76026204	4.46358807	6.47833041	2.68397222	4.83125229	6.11171324	15	5.25019058	2.52950879	-0.649697239999998	3.96387523	1.69719173	0.172830310000002	15	0.814456390000002	15	4.54381568	4.14879026	0.129311420000001	2.17240955	9.38558886	6.95139151	1.69499361	15	2.12718452	4.8919784	2.60959941	15	1.36077363	4.59017371	2.44089556	15	3.2505335	-1.69499361	15
shGata2_059	3.323120535	1.715344035	15	15	0.523991915000002	2.247218305	15	4.312653275	2.442017215	6.549823935	-0.568407465	0.235821775	15	2.383974825	2.180913425	15	15	15	15	15	15	2.268249925	-3.109017695	0.411525084999999	3.544326475	-0.920932564999999	15	-0.0861797150000001	15	0.618495744999999	1.812915545	-1.720012625	0.434390505000001	15	15	2.306290745	15	4.098860935	0.630516214999998	2.888704925	15	-0.024382525	3.985564035	0.413482255	15	2.217914755	-2.306290745	15
shGata2_060	4.329781095	3.445332515	15	15	3.390096495	3.327965365	15	15	3.018114975	15	2.090003775	0.529141605000001	15	3.289005965	4.382293615	15	15	15	15	15	3.996149635	2.314239805	-0.839313674999998	2.487361935	3.627133435	-0.167187594999998	15	1.435350945	2.780443895	4.566631225	2.363327965	15	1.289157865	15	5.705985625	3.035484355	15	3.640356895	2.881649855	3.270960765	15	3.451588805	2.842073185	0.737402405000001	15	2.762854395	-3.035484355	15
shGata2_061	4.003888115	3.001073275	5.672302585	15	0.928937225	4.118967425	15	15	2.542583295	15	1.020024955	1.699388305	15	3.103695225	15	15	4.330906935	3.276958005	15	15	15	2.549265405	-1.232246895	3.176324065	4.704036375	-1.123239395	15	0.185866245000001	15	2.513274945	1.936695835	0.0148234150000004	3.388179845	15	15	2.204914415	15	5.348355875	4.204479615	5.817176345	15	0.0519937950000013	4.842827445	5.817275405	15	4.517619635	-2.204914415	15
shGata2_062	3.77771471	1.4086997	4.3009314	3.09317282	0.606852559999998	3.26410082	15	2.99690857	2.98497348	7.40581787	0.686052269999999	0.770246189999998	15	2.25541194	15	15	15	9.17600963	15	15	15	1.97742885	-1.86922298	1.95422113	1.71094006	0.849600979999998	15	0.038315149999999	15	15	1.60459309	1.61180073	1.27069211	15	4.98359099	2.17498427	15	2.80750151	4.39052556	3.25175418	15	0.686070819999999	4.78751597	2.3944183	15	4.11754369	-2.17498427	15
shGata2_063	3.358823	2.26565276	15	4.01352413	1.3112458	3.4998843	15	5.5327627	2.56173099	15	1.21702746	1.50734888	15	3.6301328	15	15	2.77732876	15	15	15	15	2.81689995	-0.96393894	2.61122956	2.82019881	-0.175890969999999	15	-0.0389081499999993	15	3.84829271	1.46148023	0.374555989999999	2.41993478	15	6.22663745	2.07749126	15	1.78416269	2.47738451	3.18552998	15	0.59965004	3.36635266	1.06961188	15	4.84405777	-2.07749126	15
shGata2_064	3.928674455	1.210179415	15	3.870169475	0.634663424999999	2.478706435	15	3.004857165	1.866581575	7.677915865	0.252578685	0.123899985	15	2.407023745	4.112497295	15	2.309932635	3.644167565	15	15	6.873201905	1.656028925	-2.340489785	1.768508925	2.435513565	-1.203573045	15	-0.467254735000001	15	0.0952697349999987	1.905990795	-1.313376075	1.540850695	10.045600325	3.290660555	1.859200875	15	15	3.722829355	3.024110145	15	0.350889615	3.870567475	0.206420114999998	15	3.578606215	-1.859200875	15
shGata2_065	2.98598051	1.87641116	15	3.59140694	1.83090814	1.48302967	15	4.2819733	2.87671997	5.39554631	0.0911954099999992	0.29868523	15	3.82963171	15	15	4.14631017	1.79253864	15	15	3.92659821	1.42510512	-1.27656022	2.0472825	2.42023694	-0.0409677500000001	15	-0.571128010000001	4.2053579	15	3.29129173	0.266118819999999	1.49762704	8.87151666	3.47145874	2.03998821	15	0.836733150000001	1.1579817	3.38713776	15	0.47220918	3.24154811	1.74788664	15	2.63210347	-2.03998821	15
shGata2_067	4.224637445	3.204855605	5.969775695	2.608285325	1.153789005	2.395821375	15	3.685867845	2.845545735	6.980245395	0.972998385	0.378687475000001	15	3.172095185	15	15	15	2.903112805	7.475333525	15	5.211611965	2.033715705	-0.938312974999999	2.082281005	1.786309595	-0.475605244999999	4.258093975	-0.307374274999999	5.067733885	2.142716205	2.381619095	1.134397885	2.147385885	8.745025135	4.607443025	2.541472065	15	2.875082345	4.655479465	3.606948885	8.469063845	0.997208915	3.021890805	1.284324605	15	3.218428205	-2.541472065	15
shGata2_068	5.70022619	2.12921546	15	3.47194214	1.13114046	1.25914976	15	1.72793495	2.66005782	7.66281498	2.5261737	1.55018424	15	2.54124282	15	15	3.45944688	15	15	15	4.16822803	2.44348494	-1.50636675	15	3.13102267	0.303353120000001	15	0.307184790000001	4.92663379	3.85732337	4.41416343	1.82305433	1.64964676	9.90913423	15	2.99014974	15	2.54238765	3.14343043	3.97106031	15	0.569057020000001	3.11935069	3.25137419	15	3.19577129	-2.99014974	15
shGata2_069	4.9602757	1.70124085	6.29659292	2.96351932	2.7560376	5.06462747	15	3.30811467	2.1131738	7.8723935	0.800048540000001	0.173052050000001	15	1.79527286	15	6.29171802	2.23507579	4.39431078	15	15	15	2.27233139	-1.97083054	2.94343295	3.88131604	-0.800433930000001	15	1.0845741	15	2.20142128	2.53983173	-0.501289480000001	0.726973729999999	15	15	2.22467826	15	5.43376638	2.62452941	3.2576976	15	1.16777034	3.66619417	1.49857909	15	2.65476637	-2.22467826	15
shGata2_070	2.87154745	0.748701200000001	15	4.08408212	0.498863570000001	1.36560156	15	4.11246979	1.74185597	15	-1.34554934	-0.0992352699999994	15	2.17667547	15	3.65028068	15	2.56763788	15	15	3.60454641	0.4694102	-3.09187246	2.23028005	0.907158930000001	-1.41785834	15	-0.505400099999999	4.95725987	3.71528812	1.02937469	-1.06509961	1.37550301	5.87991833	11.74882971	1.72254078	15	3.81247151	0.249174910000001	1.98044497	15	0.0677221700000015	2.20566802	0.0893799900000012	15	2.17524674	-1.72254078	15
shGata2_071	3.97755299	1.33769062	15	3.93294556	2.35116058	2.79738664	15	2.47669481	2.07286501	15	0.570290829999999	0.0866439799999998	15	3.19499949	15	5.68714752	15	15	4.92367419	15	4.02652054	1.31558706	-1.83157705	3.78914691	1.79956378	-0.33713498	15	0.0481572899999989	15	1.95568686	2.01025557	0.54333639	2.38097535	15	4.4866113	2.25773223	15	2.50971885	2.9991147	3.4988931	15	0.82863165	3.33002501	1.0865844	15	3.0900471	-2.25773223	15
shGata2_072	3.469347005	1.117869525	11.256970415	3.272683345	1.344525415	1.675865075	15	2.163599915	1.816312925	6.856382105	0.402725545000001	0.193824285	15	4.108386435	15	15	4.062152945	2.120362805	15	15	4.225641245	0.734941005000001	-2.175979415	3.056744435	3.427044955	-0.362176945	15	-0.0391014749999989	15	3.300845635	2.255721975	0.216349335	1.092807515	8.645737035	5.537239585	2.106819385	15	1.389979175	3.302269455	3.305760175	15	1.041873295	5.000868465	1.515882765	15	3.971840005	-2.106819385	15
shGata2_073	2.89141799	4.41385117	15	15	1.95241933	1.14866489	15	4.78938975	1.41486323	7.62190349	1.0520489	0.0876520299999992	15	2.63877892	7.92400736	15	5.60789683	15	15	15	4.21377774	1.39047423	-1.60735656	5.43899103	2.79462682	-1.2413673	15	-0.472027520000001	15	2.43183635	1.61837056	-0.18054422	1.87759581	7.28705964	4.41727296	2.34613825	15	1.61443227	3.75504961	3.08898762	15	0.263244889999999	2.47076408	3.26238886	15	2.50353612	-2.34613825	15
shGata2_074	2.927020005	0.551432734999999	4.776741885	1.829203865	0.0896203950000007	2.182342625	15	2.688617915	1.510509055	5.444060555	-1.703154535	-1.122089235	1.918337875	0.559490074999999	2.796656825	2.082732525	1.737299935	3.332452255	15	15	2.279403095	-0.0249308349999993	-3.012942305	1.847471505	1.186075555	-1.709336415	15	-0.828961225	15	0.246531875000001	2.730842285	-2.742353615	-0.317630455	15	0.0302980650000002	2.240393755	15	15	1.198142265	3.571773825	15	-0.483461244999999	2.432287825	0.179041274999999	15	2.377297895	-2.240393755	5.103018475
shGata2_075	4.707488015	2.688350915	15	3.606802115	1.990401055	1.826528375	15	4.392159255	3.775237675	15	1.074974185	0.542986205	15	4.924646995	3.231472905	15	5.672420695	15	15	15	4.489529185	1.702875735	-1.648092315	4.655195855	3.517178395	-0.151169525	15	0.0577607049999997	4.294296355	15	3.263384425	1.569623495	0.844842365	15	6.178311295	2.089797295	15	15	2.424308475	2.847229195	15	1.457547665	2.892722475	1.659542615	15	3.456698915	-2.089797295	15
shGata2_076	3.403665385	2.450194075	15	15	1.097911705	15	15	3.389011345	3.310327705	15	0.729031025000001	0.0872632850000006	3.440014455	15	15	15	2.609010015	15	15	15	7.338459265	1.377988455	-0.664155114999998	6.455535515	3.133719685	2.335666355	15	-0.201432324999999	15	2.399847405	2.711091465	-1.193031715	0.163967815000001	15	2.977088635	1.503030405	15	15	1.068062095	15	15	1.603769445	2.944455135	2.123388985	15	4.542842055	-1.503030405	15
shGata2_077	3.66005463	15	15	4.72308827	2.41531915	3.13009941	15	5.62271011	3.0821234	7.51965697	2.65444818	0.72869363	15	5.76747004	9.33487851	15	15	2.8194583	15	15	15	2.81502755	-0.46204292	2.98766496	3.46388075	0.883705880000001	15	0.83579864	15	3.66890354	3.96179374	2.04671852	1.28381281	15	6.50356918	2.46629525	15	3.37484076	5.34483378	5.2702407	15	0.886769950000001	3.12775077	2.37010803	15	3.82386179	-2.46629525	15
shGata2_078	2.273445265	2.202674935	15	3.076711395	0.965481694999998	2.293305865	15	3.303336285	2.304638795	15	-1.235888515	-1.439314895	4.212672865	4.189064505	15	15	0.663398154999999	2.185799505	5.808356345	15	2.982950415	1.109324105	-3.025611655	1.438510025	1.265209475	-0.299341355000001	15	-1.278809875	15	2.655846465	2.216745135	-2.461930025	-0.173817855000001	15	0.941673994999999	2.585725425	15	15	0.797726144999999	3.758999855	15	0.373533795	2.868529375	-0.901846815000001	15	1.738016675	-2.585725425	15
shGata2_079	3.43616399	2.19493565	15	15	0.676244560000001	15	15	15	2.98744355	4.88267295	0.12476208	0.698389240000001	2.52280824	15	15	15	3.10329382	15	15	15	15	1.45819516	-1.71808744	2.05148206	1.55507628	1.36995303	15	1.424771	15	15	1.35826736	-1.75970364	0.633360070000002	15	15	1.83431452	15	15	1.54903623	4.90897277	15	1.35563815	3.77731534	0.44846987	15	4.41397741	-1.83431452	15
shGata2_080	2.920681075	3.332638605	4.987091535	15	0.781873024999999	2.683261905	6.951623795	3.263558065	1.467557695	6.592428205	-1.265029595	-0.447368765	4.277040015	8.685982645	15	15	2.457643595	15	15	15	3.052017595	0.886375655000002	-1.678968345	1.865543405	0.593917155	-1.002337725	15	-1.261297595	15	1.938262895	1.519027735	-1.622562055	0.655161045	15	0.745177435000002	2.390651125	15	15	0.974065365000001	4.815476815	15	0.300036205000001	2.582579255	1.058091395	15	1.955076445	-2.390651125	3.581411805
shGata2_081	3.54578121	4.8279489	3.78271481	2.4214491	2.43994128	4.11015979	15	3.98022078	2.72318302	7.25841559	0.838936129999997	0.674173649999998	15	15	3.64069556	15	15	2.61089047	15	15	15	1.55335034	-2.33830196	4.25854095	15	-0.224363980000001	15	0.0272279599999976	3.08783374	15	3.16933288	0.649992599999999	0.587754619999998	15	3.87868563	2.12497299	15	1.65236034	5.40575782	2.20833407	15	0.710507539999998	3.17603994	1.03971037	15	3.52351537	-2.12497299	15
shGata2_082	3.2078975	3.85896876	15	5.53751673	1.82444319	2.64384645	15	3.71084377	3.43625238	6.19230178	1.64005311	1.39093162	15	2.49174427	4.70046804	15	5.64271727	2.34616348	15	15	15	1.87815738	-1.50534827	1.93469547	2.55354505	1.17234176	6.99074569	1.86308122	15	4.3034979	3.65244967	1.5192023	2.79199665	8.89784195	4.28855644	2.29549484	15	2.10125136	2.03621261	2.49291366	15	1.9018824	4.40015151	2.02127652	15	2.92034463	-2.29549484	15
shLuc_002	3.765748185	1.228480435	2.912254515	3.166715285	3.091747685	4.966762655	15	3.570882405	2.378776225	15	0.235819905	-0.583755225000001	15	1.120858455	15	15	2.339201035	2.178537355	15	15	15	1.080547295	-3.415209095	4.821165865	3.242507245	-1.074688855	15	-0.0365012250000003	3.881523325	0.746566465000001	2.310354985	0.648531755	0.715293075	15	4.585529995	1.854543875	15	4.953829015	5.559549855	4.458490875	15	1.032948575	3.769470335	0.525942365000001	15	3.333202745	-1.854543875	15
shLuc_003	5.00140333	3.71417259	15	4.23146704	0.852103639999999	2.28102975	15	3.14596455	2.62847221	4.74588866	0.103956569999999	0.129118179999999	15	1.76983638	15	5.94933578	2.50986884	15	15	15	3.94460845	3.04228101	0.372208880000001	1.31047239	2.11856925	-0.843911390000001	15	-0.59807741	15	1.39663995	5.35685475	0.183620899999999	0.61688178	7.00285961	5.22997985	1.9928504	15	5.09649174	4.59886762	4.26995784	15	1.07284498	3.70946588	1.83800977	15	5.50110112	-1.9928504	15
shLuc_004	3.471524495	3.181190455	15	4.093841865	1.291392255	3.202032875	15	2.294834555	2.698466185	6.440927175	-0.0794841049999988	0.156750635000002	15	2.837691675	4.774005765	15	3.148887445	15	15	15	4.965432355	1.633762965	-1.504786365	2.106219295	4.494541085	-1.065997715	15	-0.413777804999999	15	1.117384295	2.316309415	0.482015915000002	2.157108315	15	15	1.619571585	15	15	3.863824925	3.254990575	15	0.477292765000001	5.300582385	1.151215915	15	3.765511025	-1.619571585	15
shLuc_005	4.18178047	2.66623456	3.44713386	3.8600632	2.6369354	3.00879508	15	3.78084375	2.58032613	15	0.85700918	0.67509703	15	2.60840232	5.85192944	15	1.3369098	3.64776668	5.35604116	15	15	1.98868275	-0.904330269999999	2.14676746	2.58788372	-0.275440469999999	15	0.41524808	5.09165659	1.57968994	4.09760721	2.25168162	1.61792999	10.66211505	4.80338137	2.77021591	15	15	2.91703945	3.67052117	15	2.39799485	6.4643279	2.0144572	15	2.66520809	-2.77021591	15
shLuc_006	4.51686594	5.66323891	5.8334631	4.48098838	1.0341445	2.51253781	15	15	3.11181132	5.75827498	0.97611459	2.43848676	15	2.35729046	5.0128757	15	3.43004814	3.02461946	15	15	2.86722834	2.19355709	-0.928947560000001	3.69792555	15	-0.470822910000001	15	0.18591732	15	2.21862937	2.31239742	0.18944679	0.490214419999999	15	3.65014301	1.92108139	15	3.57459495	4.7872658	4.74277343	15	0.525166159999999	5.5011586	1.90126701	15	4.78015225	-1.92108139	15
shLuc_007	2.35262408	3.70194709	15	3.40189286	0.256707710000001	15	15	3.31632621	1.89371575	15	-1.86032997	0.276731840000004	15	3.62713738	15	15	1.30261797	15	15	15	15	2.21889799	-1.38252609	15	0.155868860000002	-0.746296929999998	15	0.143018050000002	15	-0.0475122299999988	1.68315856	-0.721606219999998	0.25188666	15	4.1268374	3.5172993	15	15	1.52582261	4.03193317	15	0.483198190000003	3.33098165	1.79495413	15	2.52575916	-3.5172993	15
shLuc_008	3.48597071	3.10221724	15	15	0.855526639999997	3.27681955	15	4.92577891	2.46647917	7.39089726	-1.98823233	0.811366399999997	15	4.71302153	15	15	3.36785322	15	15	15	4.88595629	2.02885568	-0.375940120000001	3.01686659	3.33204311	0.798847139999999	15	-0.594721060000001	15	-0.217900480000001	2.90869944	1.04342462	0.803148179999997	15	2.61091653	1.96946345	15	15	2.16090338	6.02019796	15	0.85847343	3.9340726	3.26828142	15	5.45639601	-1.96946345	2.35044156
shLuc_009	3.5907967	3.25138148	15	3.85025921	2.96395988	2.27720925	15	15	3.37513631	15	-0.487561300000001	0.649081839999997	2.86598645	3.14668415	15	15	5.4855689	3.71244911	15	15	4.19839471	2.86169222	-0.213169910000001	2.47897971	2.71664086	-0.0312939800000009	15	-0.111547030000001	15	0.747450730000001	1.84957355	0.523553789999999	0.425126629999999	15	1.51011519	2.45475802	15	15	2.13069288	6.26398399	15	1.44100735	4.88990893	3.25558571	15	5.06551379	-2.45475802	1.88060273
shLuc_010	4.850427505	2.784921935	15	4.547518315	1.972452135	2.223865515	15	2.270880935	3.331508095	11.991632355	-0.247172604999999	0.249400395	15	2.239642495	15	15	4.698965695	2.691118125	15	15	5.277104615	1.392370755	-1.061615045	2.169889735	2.966839305	-0.526227445	15	0.0975943949999998	4.298628965	0.367619495	3.392197415	0.404933574999999	2.189239095	15	4.070014915	2.225758505	15	4.514674095	4.077697855	4.364684775	15	0.836789955	3.921876155	1.761703895	15	3.397606835	-2.225758505	15
shLuc_011	3.488591745	2.419310805	6.032118635	3.249224715	1.843335355	2.101633345	6.802704405	3.081528025	1.600846715	6.454715635	-0.544907925	-0.0511127649999992	15	1.923243095	15	15	3.558038725	15	15	15	4.627813765	1.537360765	-2.357327615	2.140663035	2.146460205	-0.854339435	15	-0.229688415	5.023727635	1.545195405	2.648331155	-0.124659885	1.904435595	10.253858355	5.922875785	2.442962945	15	15	4.571126785	4.322456875	15	0.00282299500000072	3.467365885	1.738931415	15	3.619717395	-2.442962945	15
shLuc_012	3.847247695	4.977439065	5.891754005	3.959099205	1.134587735	2.128350195	15	3.775619575	2.938005155	5.901040265	0.357074734999999	-0.516527885	15	1.884397945	15	15	15	3.866316835	15	15	15	2.104725285	-1.689514395	3.958060205	2.397193485	-0.450241265000001	15	0.933800385	3.559501615	1.157329815	4.685080855	0.232932255	1.533649575	15	4.017530605	2.708878305	15	15	5.231458775	4.476367165	15	2.037594515	3.169294975	2.127150625	15	3.199157235	-2.708878305	15
shLuc_013	4.20248232	3.81680276	15	2.56435646	0.74547815	2.98931595	15	3.05753938	1.97470098	15	0.59945143	0.724301930000001	15	1.68153701	4.71300127	15	15	3.07297097	15	15	15	1.04488419	-1.63878499	3.24167293	2.1787345	-1.11291601	15	-0.51644606	15	1.41519077	1.17211101	1.07637153	1.71118333	15	5.67910767	2.31480216	15	3.29710039	7.34567615	4.25430526	15	0.698198570000001	3.94901887	1.82524576	15	3.38335146	-2.31480216	15
shLuc_014	2.61098984	2.51992376	15	3.19064338	0.977139490000001	1.97917264	15	4.09360393	3.84817835	6.02647792	0.0514621700000006	-0.23023908	15	1.35900182	3.55607186	15	3.55776096	2.82402605	15	15	15	2.21027099	-2.11358478	1.7910646	4.49168862	-1.46461907	15	0.000675570000000292	4.78996843	0.765025380000001	2.39979519	-0.0399447199999994	0.83418298	15	4.75092056	2.13905065	15	4.69639565	4.97117068	4.00563875	15	1.13478432	4.86949546	7.935272	15	2.29390568	-2.13905065	15
shLuc_015	3.97717995	3.65666062	15	2.70892893	0.39180357	11.678833	15	2.73872365	2.23213542	15	0.335004720000001	0.78838097	15	1.69039835	3.24942584	15	1.0433021	15	15	15	15	3.29485233	-1.82958389	2.09268285	15	-0.944068289999999	15	-0.0016681399999996	15	-0.0534092899999994	1.61823038	-0.586689759999999	1.35404037	7.87688629	5.34795168	2.47199762	15	4.71602641	3.64883644	4.09913056	15	0.463694630000001	3.18646022	1.35055766	15	4.32292234	-2.47199762	15
shLuc_016	4.551069525	5.056671495	6.105006105	3.028835735	1.103178135	3.459944375	15	3.117820855	2.154997925	15	-0.259304795	-0.339813675	15	3.024987655	4.480780165	15	3.122779815	1.293034895	15	15	15	1.089341165	-1.162639585	2.291026195	3.527872385	-1.499798885	15	7.87950000002979e-05	4.723770375	1.194711315	2.178958655	0.947975775	3.056272885	15	3.125648985	2.423687355	15	5.266213505	4.415749295	4.679160205	15	0.759001534999999	3.621373535	2.152678875	15	3.765929685	-2.423687355	15
shLuc_017	3.377389465	1.975922345	6.211881705	2.407916515	0.787402364999998	3.877751345	15	1.910850105	1.300023965	5.593884545	-0.201769315000002	0.506768014999999	15	0.782596104999998	4.976093725	15	2.270447565	4.129455235	15	15	15	1.647334025	-2.833017995	2.411768205	3.071548345	-1.248975725	15	-0.478642925000003	15	0.895616974999998	0.629291694999997	-1.090762055	0.957005014999998	9.039453615	5.216888215	2.320846305	15	5.082345365	2.875818265	4.065926905	15	0.0724085649999981	3.549786935	1.574194215	15	3.663125715	-2.320846305	15
shLuc_018	3.383441235	2.841171655	5.496012165	4.859193955	1.913618805	3.301955485	15	2.639627415	2.555395055	9.336393755	0.616698984999999	0.438640435	15	1.864020005	15	15	2.174540115	3.984141655	15	15	15	1.881362605	-2.132251795	2.865249525	1.165123115	-1.053752205	15	0.917700014999999	3.806465595	1.041548875	2.468989215	1.461839805	2.284838625	9.801969405	4.963514815	2.109151735	15	15	4.531463325	4.721689135	15	1.487141925	4.571038595	2.592479545	15	3.651402815	-2.109151735	15
shLuc_019	3.15045019	1.99700771	15	10.98191369	2.49521501	4.04658874	15	2.86756679	3.16601428	5.5516439	1.30809783	1.14201473	15	3.29670652	15	5.62407687	2.21836239	3.36667897	15	15	3.93905243	2.13604453	-1.84528749	3.02528279	1.27730659	-0.87756197	15	0.380153159999999	4.29060701	1.31158309	2.90304613	0.33072411	-0.299401680000001	15	4.7042762	3.19054427	15	4.45969423	3.39835487	4.38733932	15	1.0426869	5.28695146	0.35918854	15	3.63630113	-3.19054427	15
shLuc_020	4.38895434	2.33356131	15	4.19108656	1.1550813	1.33407506	15	4.29960244	1.61025915	6.13236728	-1.18215323	0.0700559099999989	15	0.1281167	15	15	0.20537648	2.88976158	15	15	15	1.19983403	-2.4480213	3.80902388	1.67205291	-1.67110331	15	0.95216862	15	1.81548555	1.32776859	-1.31049936	0.36332434	15	1.73493388	2.07162531	15	15	2.30948268	6.07620032	15	0.0957209199999998	2.93793351	2.724846	15	2.09857187	-2.07162531	15
shLuc_021	4.7313577	3.64215149	15	3.95724091	1.48644625	3.62935578	15	3.03730438	3.66841581	15	-0.468988849999999	0.37502641	15	1.49544444	15	5.98413694	4.74329244	2.59221704	15	15	15	3.34728064	-2.82103415	2.04844077	4.19437881	-0.80863752	15	1.03969994	15	0.338601930000001	3.32333867	-1.16792676	0.99117772	15	3.92734275	2.45410734	15	15	3.35762582	4.74956556	15	0.164116850000001	3.45259483	0.42443931	15	3.81832293	-2.45410734	15
shLuc_022	3.666908705	3.821418175	15	1.248586235	-0.0776704049999992	3.477325965	15	2.139469305	1.674984565	4.692893605	-0.948832384999999	0.133695695	4.705319255	2.976115105	15	15	15	2.246952975	15	15	15	1.734210185	-1.358779865	6.421787935	1.864630905	-1.043463665	15	-0.948790684999999	4.668113485	0.138765145000001	1.792714445	-0.565088565	0.551152345	15	1.249405005	1.889714155	15	15	2.952643745	3.999224415	15	0.393876575	4.438520185	1.467910205	15	4.121003095	-1.889714155	15
shLuc_023	3.674825945	0.508777705	1.796155185	2.737868235	2.309292465	2.450980695	15	3.449942475	1.142201565	15	0.401602365	-0.166627895	15	0.778775515000001	2.470895385	15	5.434035325	15	15	15	15	1.858783495	-3.053659195	1.805182925	0.647410885000001	-0.682187704999999	15	-0.649401805	15	0.691566655000001	1.730983675	0.409057535000001	0.209798265	15	15	2.117713855	15	15	2.959805505	3.832269715	7.503310735	3.144494325	4.550385295	2.110930185	15	2.688934375	-2.117713855	15
shLuc_024	3.793558555	4.752427535	15	3.643839995	2.233944605	3.360707515	15	2.631669725	2.100097545	5.954113445	-0.403784794999998	1.171532125	15	2.318900725	4.091537455	15	1.339257375	1.175184465	15	15	4.493940675	1.572820805	-2.474644575	1.023456175	3.284686305	-0.963875784999999	15	0.484383895000001	15	0.551395605000002	2.176775235	0.0375000750000005	2.313733115	15	5.219070725	2.450741335	15	2.634462825	3.405481585	4.092493325	15	1.238248485	3.695462935	3.943628675	15	3.193446745	-2.450741335	15
shLuc_025	3.353805525	1.934235235	15	2.324397325	3.986653015	3.085615315	15	2.729224325	1.444655585	6.509768965	-0.887539525000001	-0.242858295000001	4.789822035	15	15	15	3.124137845	15	15	15	6.459259005	1.896183995	-1.348335405	15	0.779007034999999	1.514376795	15	-0.440766395000001	15	1.505720745	1.091414575	-1.044373245	0.221754494999999	15	3.012085415	2.795875395	15	15	2.703284845	5.853249075	15	1.131103415	4.031262655	2.893876135	15	3.087646325	-2.795875395	15
shLuc_026	3.729031235	3.723320845	5.847713455	3.789239585	0.884570445	3.919175525	15	4.555223485	1.554809485	15	0.533109195	0.779184115	15	3.287012995	4.843885675	15	3.182182185	15	15	15	15	2.434792405	-1.235507515	2.533495185	4.110084735	-0.519278535	15	0.631936475	15	0.421830135	0.863771965	0.373192664999999	3.014534685	6.299558735	3.799104665	1.952673225	15	6.163801325	3.653503485	4.324172725	15	-0.0376190249999997	3.253099665	3.436689425	15	2.734725055	-1.952673225	15
shLuc_027	3.37052473	2.94760803	15	4.38858767	1.74040389	1.91168327	15	15	0.836566700000001	6.67240697	-0.65903365	0.193565920000001	15	1.3655625	4.66717164	15	2.26080722	15	15	15	15	2.3156756	-1.30487689	2.76364875	3.21252193	-0.420624909999999	15	1.69960125	4.36549314	1.80466255	3.11686758	-0.44283662	0.366225980000001	15	3.81279809	2.09568971	15	15	2.62655567	5.1996625	15	0.602934169999999	3.35846345	1.82268195	15	2.1655536	-2.09568971	15
shLuc_028	2.34258165	1.50262337	15	3.06695719	1.9554106	0.92460998	15	1.3650753	0.958137779999998	15	-0.961081110000002	0.983104819999998	15	1.11068292	3.51776784	15	2.15602414	15	11.1958664	15	15	0.939488899999997	-1.12392458	2.15397664	1.32947009	-1.29808249	15	-1.11313362	4.50521591	15	1.97981539	0.563736569999998	2.94533896	7.92592865	4.57655101	2.4229846	15	2.42152366	3.74939936	3.35095663	15	-0.112402700000002	1.57886044	2.35722489	15	3.15520804	-2.4229846	15
shLuc_029	3.311469945	2.992949665	10.450551315	4.038282205	1.084730295	2.876715475	15	4.433384165	5.122111825	15	0.817951275	1.489544885	15	3.826558105	5.017492365	5.450606695	15	4.176456005	15	15	15	3.186529285	-0.554991115	3.815383415	1.317609955	-0.385192594999999	15	1.313632845	15	1.884774265	2.781430315	-0.461734264999999	0.156497125000001	15	6.131155075	2.275986105	15	5.476281425	2.872597605	4.459340075	15	0.682349845000001	4.806180815	15	15	1.475290145	-2.275986105	15
shLuc_030	3.39004727	2.08014543	15	1.73376417	1.35343207	1.74616189	15	2.323122	2.80285617	5.17479546	-1.46902326	-0.40932289	15	1.28457041	2.23268597	15	5.27492095	1.64686689	15	15	15	1.75280092	-2.21759168	3.56132984	15	-2.37636021	15	-0.723566399999999	15	-0.11132711	3.60342371	-0.81230779	1.52506013	15	2.89067445	2.63107303	15	15	2.28271613	3.33846694	7.28519101	1.02648858	2.69640146	0.425143609999999	15	2.43600437	-2.63107303	15
shLuc_031	3.063514655	4.703843815	15	2.792161545	0.541597125000003	1.775526495	15	3.510687815	2.417336375	4.204881085	-0.897274924999998	-0.418479994999998	15	1.360012395	15	4.072767625	2.424206885	0.605813065000003	15	15	15	1.038119135	-2.331629565	1.308807865	0.286620645000003	-1.874151005	15	-1.588978915	3.580636205	0.397596345000004	0.716551935000002	-1.223580405	0.730445665000001	15	4.254247645	2.455742315	15	3.918533515	3.058554585	3.200106395	15	-0.217356504999998	5.033044315	0.815867485000002	15	4.534674425	-2.455742315	15
shLuc_032	4.47265831	2.33206287	15	2.33268776	0.0969543700000006	15	15	2.31049359	2.6604337	15	-0.442752389999999	1.51177902	15	2.18277084	15	15	2.65085098	15	15	15	15	1.25001743	-2.84198882	2.95546008	15	-0.344815219999999	15	-0.760443219999999	4.79134811	2.66486033	2.14952946	0.294184920000001	1.72305789	15	4.32608654	2.21544485	15	15	4.24736826	3.71301292	15	0.16111838	3.6366834	2.05630699	15	3.7973657	-2.21544485	15
shLuc_033	4.344677025	4.952569435	15	4.913599795	5.258060645	3.740085795	15	1.976560875	4.051772055	7.016563125	0.906147425	-0.224590024999999	15	4.272378285	15	15	1.911935905	15	15	15	15	2.062027975	-1.143095035	5.896847725	3.767198125	0.635719555	15	1.039709495	4.806873065	2.256164675	3.545509115	2.633041695	2.440510075	15	15	2.556811955	15	5.660815795	4.220903825	3.634215185	15	3.175482245	5.063653735	3.150064055	15	2.254780345	-2.556811955	15
shLuc_034	3.54569392	1.78391185	4.84537777	2.87309255	2.22772836	3.04243395	15	3.31531671	1.5118893	15	0.683677579999999	0.0721843799999995	15	1.99422854	4.11109026	15	1.840366	2.16456089	15	15	15	1.57222826	-1.1018566	5.0659106	2.8986437	-0.47186024	15	0.574490169999999	15	0.252160999999999	2.74405403	0.276426239999999	1.54876344	15	3.98756605	2.68081361	15	15	3.83686453	4.3109607	15	1.13435592	4.26864223	1.81404287	15	2.54822427	-2.68081361	15
shLuc_035	3.916679595	2.402440545	15	15	0.155338644999999	4.737634105	15	3.675868815	2.663663555	5.508458765	-0.800361485000002	0.825468514999999	3.403819605	3.881630825	15	15	4.077650025	3.613798445	15	15	15	2.765054715	-0.539978075000001	3.190501745	0.199836195	-0.149330545000002	15	-0.859667155	15	0.413719364999999	1.172062285	0.998204594999997	0.971593284999997	15	1.899787585	2.474871975	15	15	3.384983095	5.178082315	15	0.899240754999997	4.229475675	1.739387215	15	6.003015685	-2.474871975	15
shLuc_037	3.282651525	15	15	4.110540055	0.861609885	2.196707215	15	5.538394585	2.511854425	7.642456655	0.573745205000002	0.365573435000002	15	2.787359355	15	15	2.462403725	2.859985745	15	15	15	3.488248525	-0.319789165	2.319384555	1.902138275	-0.458263984999999	15	-0.444500614999999	3.644638725	1.602292305	1.675040285	0.697143695000001	2.394163185	15	5.614835685	2.342640195	15	15	4.246028315	5.545385565	15	0.566846275000001	4.505666135	1.892708075	15	4.363411255	-2.342640195	15
shLuc_039	3.90656331	2.13893285	5.56997379	2.25639285	0.35939771	15	15	4.85586534	3.26014786	6.69043085	-0.976168210000001	0.34616844	4.41846922	1.35684624	7.00539319	15	2.62926814	15	15	15	4.14576114	2.57137203	0.290041199999999	4.1137447	0.494816989999999	-0.137623470000001	15	-0.99731985	15	0.3435022	1.83498493	0.20286385	0.0734039199999987	15	0.56006163	2.27913792	15	15	2.21167854	5.30681395	15	0.50791323	4.30090315	0.89362285	15	3.85972563	-2.27913792	3.19066437
shLuc_040	4.58915396	3.04141751	5.14129552	3.11919512	1.7938023	3.56746808	15	1.92167946	1.93510522	7.04758492	0.96201786	1.10930054	15	1.68247525	15	15	2.83219937	15	15	15	15	1.58638337	-1.25061724	4.20551886	1.45103362	0.10777532	15	1.08092345	6.08304161	0.3541829	2.81372378	1.88862963	1.54409984	15	4.8564644	2.72812553	15	15	4.68686864	3.69414888	15	1.6023492	4.71512796	2.14060656	15	2.801265	-2.72812553	15
shLuc_041	4.28413362	4.3302085	15	4.75727658	1.41261632	2.94136148	15	3.99290579	2.5235554	7.45320387	0.118259780000001	0.20998593	15	1.08644661	15	15	1.98732493	4.44198847	15	15	15	1.67943654	-2.08609946	1.98981751	15	-0.612079140000001	15	-0.34334248	15	2.46583782	1.3184465	-0.377056290000001	0.72406836	15	5.21133593	1.77286371	15	5.11041127	2.84442239	5.10719057	15	0.39935447	4.19062159	1.79572474	15	3.91495065	-1.77286371	15
shLuc_042	4.366985655	2.317618945	11.248859575	3.792885965	1.520645125	2.330907225	15	3.942938905	2.715606575	7.021251525	0.201812325000001	1.093658355	15	3.308858795	15	4.259350435	5.395693585	2.827543185	15	15	3.599278215	2.799073865	-1.446094195	2.514945415	1.799336975	-0.908106825000001	7.174646445	1.155160725	15	1.796801415	2.309208105	0.0686738350000002	1.223018875	15	6.210547085	2.374331765	15	5.358420535	5.043654515	3.864842435	7.714574685	1.001337835	4.921570145	0.993141444999999	15	2.884676765	-2.374331765	15
shLuc_043	3.644031985	0.194255725000001	15	4.089435445	1.606407675	3.362745555	15	2.949495005	4.586954115	5.485115255	-1.640516875	0.934033505000002	15	4.631476105	3.634897405	15	4.043262665	15	15	15	15	1.244943105	-1.794085885	15	-1.686229065	-0.826859364999999	15	1.244734315	15	0.547185415000001	1.526219715	-1.565682065	-0.505516564999999	15	0.399237995	1.731049855	15	15	0.339684015	1.773375635	15	0.596811925000001	5.446643575	1.296589575	15	2.714772495	-1.731049855	15
shLuc_044	4.363879595	2.577881235	15	3.210979115	1.933206935	15	15	2.881977375	2.598810725	15	-0.704291475	0.245369495	3.847893405	2.160529415	15	15	5.359821295	15	15	15	4.383604635	2.718355655	-0.127597764999999	15	2.602596725	0.156280855	15	0.102965955	15	-0.138302545	1.735766325	1.181580465	1.327222045	15	2.370333175	2.263975065	15	15	2.573935285	4.704097215	15	0.669028895	4.002211785	1.801025305	15	5.643465745	-2.263975065	15
shLuc_045	5.467796715	2.805355185	3.529959425	4.207023165	2.619510365	2.898549245	15	4.237427885	2.919695615	7.613295565	0.622288954999998	1.008808575	15	4.247580255	15	15	1.598778785	5.267188685	15	15	5.752387075	2.047562715	-0.511699135000001	3.636999595	2.972855365	0.236127934999999	15	0.498665844999998	5.489409625	0.892477954999999	2.833104525	1.573118175	2.051814335	15	4.984827795	2.943983085	15	15	2.773433055	4.000391555	15	2.772663345	6.635801045	2.484875555	15	4.696582715	-2.943983085	15
shLuc_046	3.23243517	0.0106931499999998	15	4.06955745	-0.12916212	3.25961607	15	4.02032342	0.989491579999999	15	-2.44946473	-0.694992389999999	3.1081591	1.23239971	3.27977037	15	0.2251966	1.73511957	4.65648246	15	15	0.437751710000001	-2.7114063	3.39935328	0.115204	1.72492969	15	-1.21882424	4.62549782	0.69901861	0.56811944	-1.84610022	-0.10116466	15	15	2.4546231	15	15	1.20438585	3.8519157	6.2866601	-0.0110435599999992	5.78195295	2.3817594	15	3.54814605	-2.4546231	5.42612703
shLuc_047	3.740791005	2.403895685	4.447251765	3.757339645	0.699838924999998	3.408783715	15	3.726629175	1.581722175	6.213614325	-0.468440445000001	0.112925765	15	15	15	15	15	3.365045575	15	15	15	2.636028435	-1.480479885	1.819460365	7.385920025	0.241180795	15	-0.345785865000002	15	1.305279485	1.583604675	-0.121283685000002	2.604868575	15	3.944361505	2.535126735	15	15	4.146938765	4.356927705	15	0.883141934999998	6.133593225	1.497313815	15	3.509475215	-2.535126735	15
shLuc_048	3.553054245	4.005148415	2.984076945	2.540249365	0.0307609150000001	0.974564834999999	15	4.383433395	1.798637085	15	1.418027365	0.297749085000001	15	2.016323695	15	15	4.563340295	3.452061935	15	15	15	1.429308065	-0.772252074999999	3.686063205	1.625301195	-1.301829065	15	-0.00854962499999878	15	0.264905365000001	1.061411785	-0.714079374999999	0.507709015	15	15	1.599895165	15	15	4.086072865	3.103413685	15	-0.298880024999999	5.079795205	2.234853035	15	3.569618415	-1.599895165	15
shLuc_049	3.23425263	0.774385520000001	5.79627419	15	3.04969287	3.24378489	15	2.91977655	1.76831551	15	-0.32289291	-0.892758519999999	15	0.98635509	4.22381269	5.61926836	1.09937745	15	4.97748794	15	4.13605243	0.99714086	-2.59218695	1.65835869	4.00422084	-1.59525793	15	-0.206069789999999	15	1.12997368	1.71737021	-0.381063319999999	-0.0314535300000003	15	5.55257926	2.70813311	15	5.13154795	1.395053	2.8776833	15	0.939562650000001	3.64153828	1.06964032	15	2.14899038	-2.70813311	15
shLuc_050	5.09109093	1.98902652	6.93833865	3.0184795	3.54417991	3.49894056	15	3.91830139	2.90982052	15	0.451452869999999	-0.644857430000002	15	1.59319423	2.07542753	15	4.69518679	15	15	15	15	2.05224838	-1.49967147	4.26529219	3.95435806	0.398759729999998	6.33587995	3.67622623	4.42315375	3.05887845	15	1.00726317	2.37781527	15	5.59258946	3.20285256	15	15	2.55638014	4.78034002	15	4.02106642	3.89609893	3.61023076	15	2.96533688	-3.20285256	15
shLuc_051	4.21844075	15	15	3.50784765	1.60919485	3.28470792	15	2.54921834	3.36667347	5.8164039	-0.78410098	0.714210849999999	15	2.57526406	15	15	3.94108962	15	15	15	15	2.05800433	-0.647809110000001	1.78340054	15	-0.110468280000001	15	-0.61899337	15	0.476229309999999	2.7208532	-0.681778960000001	2.1069224	15	3.02616772	1.81298054	15	4.15670327	4.08194726	4.04133983	15	-0.0923533800000005	2.72086245	2.47756861	15	2.84747369	-1.81298054	15
shLuc_052	5.11035024	4.06159437	6.26728765	3.55925683	3.03035029	15	15	3.18930002	2.60724393	15	1.22093188	0.704099230000001	15	3.22722375	15	5.84007334	3.91575592	2.71619193	5.47951628	15	15	3.19504259	-0.529055899999999	3.4768597	3.37856981	0.99244539	15	0.77934694	15	2.25452157	4.92533104	0.77592845	2.05104465	15	4.10998037	2.48632835	15	5.6381748	4.25210285	3.79463941	15	3.60751006	4.52681678	7.24972904	15	3.18400846	-2.48632835	15
shLuc_054	3.358244375	1.435337635	15	2.567137975	1.052209715	0.931249384999997	15	15	1.188010045	15	-0.505729135000001	0.729791374999998	3.694457295	4.000662235	15	15	2.839410355	1.981761395	15	15	3.240031925	1.296832325	-2.631432515	0.966429014999999	2.997059005	-0.606533335000002	15	-1.053487825	15	0.112629254999998	0.743672244999999	-0.847151735000001	0.297485694999999	15	0.477770024999998	2.437621385	15	15	2.344249895	5.055079185	15	0.377796284999999	4.220441785	0.0774553449999988	15	3.193613005	-2.437621385	15
shLuc_055	3.53254464	-0.149292490000001	15	2.29826879	0.572535760000001	2.11147525	15	2.55181361	1.17016989	15	-1.78103665	-0.29748232	3.29866208	3.41609315	15	15	0.0620664299999998	15	15	15	15	0.592395310000001	-1.91503361	2.78275852	-1.34300698	-1.07832405	15	-1.07945776	15	-0.905164859999999	1.17744455	-1.00918955	-0.401960089999999	15	2.33400389	1.96521407	15	15	1.62779144	3.91228385	15	-0.00891455000000008	3.49754489	2.2695809	15	4.19332108	-1.96521407	15
shLuc_056	4.12412968	4.66544985	15	3.06399614	2.17710865	2.92534593	15	3.49278691	2.46514082	15	0.118415519999999	0.54672978	15	0.884469750000001	2.49293989	15	3.06880081	15	15	15	3.31593151	2.85878667	-2.36953014	3.04010113	15	-0.479278710000001	15	1.6277217	15	1.11779808	2.18466003	-0.358917050000001	1.49378848	15	2.22425884	2.39953126	15	4.341045	3.5403894	4.78373453	15	0.790103439999999	9.83927458	2.32844355	15	5.24741732	-2.39953126	15
shLuc_057	5.01867898	2.04969413	15	4.1174193	2.25854531	4.90336928	15	5.51664609	1.84280054	6.07903868	2.84461596	-0.55093186	15	2.98370285	5.5587345	15	3.91146338	12.13717459	15	15	3.62257698	3.11207255	-1.25544052	4.33155497	2.852822	0.188158869999999	15	0.773743789999999	15	1.71679521	2.77369881	0.582776959999999	1.23157296	15	4.08717304	2.69124454	15	15	7.75035499	3.38018221	15	1.86350359	4.04676691	0.964048629999999	15	4.39210601	-2.69124454	15
shLuc_058	4.51855337	2.47103088	15	4.12451193	2.50575968	2.08947372	15	5.6912987	2.92920381	15	-0.588821959999999	2.73749016	15	3.13378962	5.01178624	15	1.78945191	3.29695366	15	15	15	2.81353262	-1.50499723	1.74873574	3.09176357	-0.811162629999998	15	0.2383746	15	1.42215803	2.93906002	0.551073000000001	1.94653919	9.08846193	5.2307001	3.00323705	15	15	2.90146526	4.77523071	15	0.18273325	6.17320516	3.00440593	15	2.63586261	-3.00323705	15
shLuc_059	2.993765	15	15	3.75956966	1.79795141	3.17994331	15	2.8893739	1.99208798	4.78555448	-0.78807789	-0.368645730000001	4.20316238	2.6038382	15	15	15	2.71893609	15	15	3.2350581	1.70493323	-1.89975835	2.92447791	3.06647785	0.880859040000001	15	-0.706401370000002	15	0.256226269999999	1.32905797	-1.25898729	0.80519464	15	1.89043348	2.61618855	15	15	2.88347399	5.02172226	15	0.784701699999999	5.73381251	1.40929094	15	1.9765002	-2.61618855	15
shLuc_060	3.38438976	0.957842449999999	5.38028588	2.30806039	0.72353412	4.78281632	15	4.49787523	1.62588296	15	0.52030193	-0.63436119	2.77279394	-0.342457420000001	5.74787851	15	1.14915853	3.28222847	5.55997571	15	15	1.19440176	-1.58413132	1.36970334	0.11959998	-0.73167771	15	-0.0676671500000001	4.05924902	1.65128348	2.86659489	-1.50885706	0.1429308	15	2.93207418	2.93719392	15	15	2.98487698	3.34752727	15	0.74946051	3.66467034	-0.58854417	15	5.25384088	-2.93719392	5.71651911
shLuc_061	4.556814995	2.575238165	4.697349265	4.194845835	1.163041305	3.194799935	15	3.649476735	2.852944675	7.575459155	-0.103229025000001	0.356843914999999	15	2.756193265	15	15	1.646203825	2.267851385	15	15	15	3.407478095	-0.581875765000001	1.605625455	1.821544045	-0.763698755	7.169261845	-0.143063385000001	5.301199185	1.695403445	2.660074085	0.586998784999999	0.364665534999999	7.513547315	5.651273375	1.812138225	15	15	3.221655305	4.467027655	15	0.539967464999998	5.415862215	6.254245215	15	4.380617095	-1.812138225	15
shLuc_062	3.2061257	4.58112953	15	2.52727622	0.541696069999999	2.73271514	15	2.3829217	1.66479109	6.16067074	-1.14092381	-1.18562028	15	1.88053096	3.79292913	15	6.58955931	2.32652685	15	15	6.78356612	1.16285226	-2.35111354	1.1835128	4.19551105	-0.577507460000001	15	-0.686988480000002	15	-0.255083970000001	1.3003217	-0.764444750000001	0.698462529999999	15	3.97284808	2.5696817	15	15	2.53750724	4.33904198	7.54682107	0.0468190499999981	2.91555543	0.583311149999998	15	1.57455637	-2.5696817	15
shLuc_063	4.01773663	3.17168819	15	3.42328501	1.23817191	2.33499782	15	2.04877672	0.90158274	15	-0.908336199999999	0.42576481	15	2.1586315	5.02401536	15	4.34305856	15	4.24363052	15	15	1.67392061	-0.842142709999999	2.36147117	1.53989748	-0.149411019999999	15	0.64969209	15	0.0631135500000006	0.862039490000003	0.217724610000001	2.49236568	15	3.3031114	1.26362522	15	3.31813866	6.27395403	6.07959915	15	1.12241843	4.42971216	1.08523658	15	3.02253222	-1.26362522	15
shLuc_064	2.29465015	0.70175867	15	1.90699848	-0.20150069	2.3215249	15	15	0.8622157	15	-0.307385199999999	-1.6364666	15	2.65781836	2.13340653	15	1.00182311	15	15	15	15	0.287869220000001	-3.89698204	2.01773391	0.0350053599999995	-1.64829959	15	-1.37490024	15	-0.54825791	15	-1.98446841	0.724242660000002	5.73044063	0.0966951700000003	2.60380959	15	15	1.6655634	2.93693965	15	0.19516643	3.01391514	15	15	1.83472977	-2.60380959	15
shLuc_065	4.565025975	1.333861045	15	15	0.716819745	4.188965565	15	4.762169715	2.160791975	6.896151805	0.176453965	0.0193205750000001	4.408336765	15	4.254374455	15	0.427401575000001	3.375538245	15	15	15	0.571161895000001	-1.090690525	1.464247385	0.317842195000001	-0.439405575	15	0.0213578549999998	15	1.622701695	2.424982655	-1.684055845	-0.0869899749999998	15	1.340783245	2.373002195	15	15	2.089903065	4.801404185	15	1.165109015	4.818146055	0.675054505	15	3.158935155	-2.373002195	3.214247955
shLuc_066	3.45916729	2.57624154	6.41613869	4.14530934	2.02858258	3.09844415	15	3.65392221	2.34620163	8.12899158	-1.41062115	-0.174464529999998	3.5235733	2.52916423	15	15	2.10954614	1.84867706	15	15	4.13365553	1.69830616	-1.5237305	3.1195887	0.835482780000001	0.912188730000002	15	-0.434868789999998	15	1.62441162	2.11332466	-1.39324518	0.399458820000001	15	0.953076770000003	2.73499881	15	15	1.55046779	4.92160495	15	0.641863400000002	3.74056807	2.68068948	15	3.54636475	-2.73499881	6.08116234
shLuc_067	3.74899793	2.34405362	15	3.36785462	1.80806744	15	15	3.40451611	1.91560181	5.96795949	0.616901500000001	0.501798260000001	15	2.9839263	5.003415	15	1.49496585	4.09398639	15	15	4.03517447	3.21056484	-1.07849075	3.51910067	2.23853234	-1.00372308	15	0.518356030000001	15	0.942208330000001	2.7932799	0.373372970000002	1.14813982	8.63061248	5.09102207	1.89851063	15	4.53301161	3.6750709	3.91105006	15	0.489098430000002	4.44976032	2.13928127	15	2.41663049	-1.89851063	15
shLuc_068	3.931288155	1.987887195	15	2.649460165	-0.344584385000001	15	15	2.589674025	2.626407565	6.200398275	-2.038952325	1.773327385	15	3.130620055	3.694567155	15	3.271102695	15	15	15	15	2.920241115	-1.115650165	15	15	-0.676587695	15	-0.929063135000002	15	0.590397415	0.835341335000001	-0.00223852500000099	0.651532054999999	15	0.760771425	2.982707315	15	15	3.080099775	6.149697265	15	0.710399914999998	3.971484325	0.656044794999998	15	2.815039615	-2.982707315	15
shLuc_069	3.932857285	2.485328755	15	3.906786225	1.331883665	2.511435585	15	3.105102155	1.922252265	6.924206995	-1.847430055	-0.205813704999999	2.965146535	-0.0320408249999993	15	15	0.956458155000002	15	10.820156125	15	15	2.199688485	-1.062358125	2.818440295	2.441956625	-0.870749164999999	15	-0.719823294999999	15	0.255051825000001	1.830544395	-0.566680275	0.414882675000001	15	2.988541065	1.934783875	15	15	1.809559575	5.174177095	15	0.747119875000001	3.846336455	1.300404375	15	3.388611035	-1.934783875	2.975787155
shLuc_070	4.29599798	2.2842953	15	2.43013291	0.61729935	2.67397939	15	3.77407058	2.02180904	7.58166058	-0.82178702	0.523021540000002	3.10466733	4.81583603	15	15	0.802523700000002	15	15	15	15	2.56019502	-0.659084909999999	3.92778911	2.42390624	-0.184816889999999	15	-0.67341834	15	0.36804787	2.2395287	-0.429074349999999	0.602930620000002	15	1.06820069	2.48198632	15	15	6.86838839	5.96030588	15	0.573090530000002	4.51852977	1.59121833	15	4.46086155	-2.48198632	10.33526952
shLuc_071	3.65150057	1.37807001	15	4.24126746	0.706036000000001	1.65815893	15	2.01427105	1.58101624	5.70170569	0.5614451	-0.595081779999999	15	1.75184166	15	15	1.28880821	15	15	15	15	2.03959825	-2.64825019	1.98203468	15	-1.30075862	15	0.34809409	15	1.41113837	2.3464417	-1.41871048	0.464431040000001	15	2.4104611	2.49399945	15	15	2.40978599	3.59890172	15	0.24408802	4.72633741	2.87391353	15	3.06987348	-2.49399945	15
shLuc_072	3.92840116	2.24273261	5.97762886	3.91689001	1.11517475	4.151541	15	5.2033588	2.25680968	6.57017348	-0.8757381	0.0323066100000009	4.14982847	0.69242644	15	15	1.15751533	15	15	15	15	1.18097309	-1.37423714	4.3592057	1.37908808	0.2614275	15	-1.11382864	15	0.32303909	2.80903416	-0.48013053	0.12301937	15	3.2612864	1.76489082	15	15	2.80779814	4.24269495	15	0.419286380000001	4.5007285	1.42980675	15	2.53905467	-1.76489082	15
shLuc_073	3.612453775	4.079343705	15	4.431234625	0.577321835000001	2.113724145	15	3.850532425	2.904189535	15	-0.239723164999999	1.683089285	15	1.831832325	15	15	1.772699055	3.567009375	5.200519965	15	15	2.925497435	-0.550735274999999	1.997714935	1.544703895	-0.786627274999999	15	1.412136345	15	1.417657145	1.133456415	-0.475043285	1.110735745	7.806745985	4.661785185	2.224045375	15	5.430016195	3.914239295	3.202529635	15	0.473853875	7.298967295	15	15	2.787871865	-2.224045375	15
shLuc_074	3.12515177	1.50967964	15	4.43270909	1.30446111	2.93639805	15	4.76794649	2.19569969	6.32593106	-1.19152765	-1.61237067	15	2.45315497	15	15	1.5936035	2.12336199	15	15	3.55890688	1.79776366	-2.28129749	1.24518383	1.98051271	-0.504248260000001	15	0.178489190000001	15	3.17330112	1.40674593	-1.05040632	0.285922859999999	15	1.95234172	2.40400816	15	15	1.78317559	5.03591348	15	0.892434479999999	2.9222415	0.307288209999999	15	2.76052946	-2.40400816	15
shLuc_075	4.425135695	2.528424635	15	2.995066965	1.032827295	2.875037885	15	2.707667315	3.425202125	5.766719825	0.0415544650000008	0.944993405	15	2.732216055	15	15	15	2.903443295	15	15	15	2.287925075	-1.711140595	1.595273485	2.712772285	-0.655217234999999	15	0.439482535000002	15	2.209726155	2.367891245	-0.753966934999999	1.544949085	15	5.710586775	2.027124135	15	15	4.561606915	4.466147085	15	1.291185335	4.408339985	1.842013055	15	3.414665675	-2.027124135	15
shLuc_076	4.91631031	4.40959929	15	5.44690586	0.737516410000001	3.53910718	15	3.48901867	2.36103949	7.57696408	0.44894229	-0.0579512299999987	15	2.31629119	3.6399632	15	5.65068053	4.42412149	15	15	15	2.32370517	-0.00870213999999869	2.73448716	15	0.236145910000001	15	-0.34141601	4.88781888	0.498263140000001	2.15365982	-0.380281519999999	2.81014596	15	3.73411812	2.13251993	15	5.3960872	4.45989811	5.03635814	15	0.22948375	5.72353338	3.85917002	15	3.12968411	-2.13251993	15
shLuc_077	4.340601265	1.892954045	15	3.593280935	1.382348025	1.596050055	15	2.174894585	2.344958655	15	-1.220050605	0.399086964999999	15	2.306610655	15	15	1.082041625	3.193130065	5.721737165	15	4.726257675	2.295158745	-2.039900725	1.566057425	3.713449975	-1.471668445	15	-0.384874045000002	15	1.196159075	1.028573335	-1.140015625	0.975622934999999	15	4.362053325	1.853536225	15	4.682298275	3.778926275	3.905629695	15	0.0659650549999977	3.872864335	2.779578075	15	3.519032865	-1.853536225	15
shLuc_078	4.114690355	1.422416605	15	1.662404735	0.734453625	2.849670625	8.267668065	1.649129615	2.089732185	7.870572515	0.856901265000001	-0.423356705	15	1.457717445	3.643462995	15	1.600309045	2.474490475	15	15	15	0.382128605	-2.157922875	1.156602875	0.532533695000001	-0.661868864999999	15	-0.306294664999999	3.686853145	0.506905345	2.930505935	2.261388885	2.464877155	6.145620195	4.374084105	2.139132205	15	4.288157905	3.076777955	1.712405185	7.469870675	1.496580535	5.786492845	3.512794505	15	2.549959495	-2.139132205	15
shLuc_079	4.55113343	0.96253291	6.03471461	2.59246415	1.77734115	3.02008366	15	5.4007888	1.95396708	6.38108678	-0.718973829999999	-0.80853387	3.89913298	2.18131343	15	15	1.83549262	3.94073491	5.31042674	15	3.71753763	1.07323524	-2.88510019	3.04012238	1.45296284	-0.332688149999999	15	0.0776981499999998	15	1.04507407	3.6106644	-1.20054633	-0.10246474	15	2.77198891	1.52198527	15	15	3.22025318	3.59988797	15	1.71333815	3.43064175	0.21783714	15	15	-1.52198527	15
shLuc_080	2.627588005	1.353879325	15	1.406195465	0.0877835550000015	2.836806415	15	2.268671765	1.798801515	15	-2.470098975	-1.186870715	15	2.385152945	15	15	-0.259795254999997	15	3.680105015	15	3.044601345	0.606028185000003	-1.742174115	15	1.966124685	-0.575638684999998	15	-1.355921875	15	0.552736975000002	1.251956465	-2.131126875	-0.734942554999998	15	1.417377655	2.177885785	15	15	2.066686375	6.932700225	15	-0.392833274999997	4.755043725	-0.0721407749999976	15	5.292642225	-2.177885785	15
shLuc_081	4.00504644	2.64607499	15	4.63908003	1.02792417	4.68294425	15	2.26917753	5.07987346	15	-0.0544412100000002	1.31387425	15	1.29558829	2.31293982	15	3.06483564	2.27693944	15	15	15	3.1400478	-1.80837163	4.8116826	0.35516475	0.0715740500000006	15	-0.202365480000001	15	0.31099663	2.96536194	0.252294089999999	1.09077784	7.09252817	15	2.24923828	15	3.33766524	15	2.75162182	15	0.65734329	4.95652371	1.19173827	15	3.98269593	-2.24923828	15
